1 0.1 0.0212158869886324 0.408679961098091 0.00450262514680239
1 0.2 0.067396141177293 0.378027608818629 0.00811442559516034
2 0.1 0.0180901823846634 0.780687278734113 0.00474526339817634
2 0.2 0.0596048553525464 1.67897207427883 0.00829309747347209
3 0.1 0.0131936929137934 0.295505005898906 0.00345195211744202
3 0.2 0.053297078191725 0.311942267622834 0.00309273487622801
4 0.1 0.0211832117759874 0.355953286472908 0.00670823161056479
4 0.2 0.0727386105597453 0.334315116861967 0.00771008029624349
5 0.1 0.0216629545462402 0.387407008745059 0.0112294068428766
5 0.2 0.0550314339730767 0.392685599904455 0.01194430199574
6 0.1 0.01347798186804 0.473827014766582 0.00490466992913887
6 0.2 0.0592902095614253 0.619907107918711 0.00430772777662472
7 0.1 0.0247051140377738 0.389450902633937 0.00426113686785722
7 0.2 0.0533606616558867 0.380478310022282 0.00588076331728485
8 0.1 0.0163607666365771 0.326924837292954 0.00588183130726999
8 0.2 0.052986778063045 0.340859091140164 0.00555521294777358
9 0.1 0.0174281911601352 0.338322681105037 0.00584769846415496
9 0.2 0.0600928209536325 0.356259284395411 0.00919279244220312
10 0.1 0.0183407974934408 0.351262376429558 0.0074437185175426
10 0.2 0.0552299688128762 0.374762577754048 0.00754898713535878
11 0.1 0.0214248812452946 0.312648618820329 0.00640750332341747
11 0.2 0.0705159724027742 0.433324758102883 0.00905644048245705
12 0.1 0.0206288415355606 0.568393532612751 0.0123455154009184
12 0.2 0.0462250830731825 1.89527971461408 0.016932713054848
13 0.1 0.0153248779047301 0.518849127937407 0.00274843726241885
13 0.2 0.0597852330754518 0.535843859467294 0.00347486411741777
14 0.1 0.0431720689171301 0.474032220708052 0.00727417336066147
14 0.2 0.0524313109497505 0.432376886981396 0.0121822997314026
15 0.1 0.0136343647942304 0.534655126758256 0.0123593957956881
15 0.2 0.0574175296540018 0.620649994144056 0.0178111861711723
16 0.1 0.0231179727310962 0.524473945387847 0.00416823706724245
16 0.2 0.0521875692827285 0.587891728586412 0.00678751674860744
17 0.1 0.0261588369687691 0.65643007254173 0.0064373361327732
17 0.2 0.0606987104952691 0.71985194949305 0.00830636594021851
18 0.1 0.01352937762668 0.489238056480017 0.00490211228358803
18 0.2 0.0786193281986151 0.558305741796891 0.00707480353449162
19 0.1 0.0140279117439104 1.29862611272323 0.00444364038846288
19 0.2 0.0459456217587704 1.5498315029479 0.00464002108704745
20 0.1 0.0220855820887647 0.456400641464839 0.0116972402989702
20 0.2 0.097741547867905 0.530205137692192 0.014917937748781
21 0.1 0.0216710628401574 0.911622415007942 0.00780829048697676
21 0.2 0.0634234132661442 1.95672486742736 0.00973584350986531
22 0.1 0.0269413417712965 1.37028434288941 0.00394183940270406
22 0.2 0.086538373171055 1.83387575933276 0.00535648489882285
23 0.1 0.0300146851748831 0.8413364559533 0.00359794393177627
23 0.2 0.113066768547382 1.28165976454944 0.00778243446503069
24 0.1 0.0241702281165248 0.323043960751471 0.0109420292683964
24 0.2 0.0716166407487179 0.308629678560184 0.00895753188462881
25 0.1 0.0208877809733815 0.527541025355778 0.00702467014365092
25 0.2 0.0736289349538759 0.573930638177233 0.0135125666970635
26 0.1 0.0317724071239909 0.599227982269396 0.0171359807502505
26 0.2 0.0606287954038746 0.676343116479884 0.018520279944146
27 0.1 0.0293179111427456 0.697836048403334 0.00560855714856141
27 0.2 0.163519075173354 0.810355153433843 0.00618876307143067
28 0.1 0.0311329695589682 0.537424498659461 0.0073904208553425
28 0.2 0.0593541198742234 0.513616146090771 0.0106609481436824
29 0.1 0.0236102348158947 0.508073565402369 0.00548377387547717
29 0.2 0.0602286442606864 0.457678542749209 0.00537787852602911
30 0.1 0.00890992620213132 0.727543077609879 0.00169434821491837
30 0.2 0.0444406623070222 0.971612397658388 0.00323872773549062
31 0.1 0.0319979055170982 0.311649028800055 0.00649859153219571
31 0.2 0.0735079607220086 0.335360075647052 0.00666165202691102
32 0.1 0.0280205699780686 0.692510189567942 0.0101640093006062
32 0.2 0.0529096277370311 0.574695411334435 0.0158434029478996
33 0.1 0.0159523801670052 1.36675683864231 0.00371622755903436
33 0.2 0.0672112825006284 1.81333427143008 0.00601740907362103
34 0.1 0.024013101296893 0.78440950328406 0.00804926705006128
34 0.2 0.0550615212089252 0.991636610010033 0.00687071201854542
35 0.1 0.0366546052266425 0.517660106752648 0.0187440353241559
35 0.2 0.0516438261772098 1.42585634053988 0.0128607831498699
36 0.1 0.0162808907645664 0.625479342920528 0.00563024789657964
36 0.2 0.0616459729807024 0.686254335865667 0.00431860741106965
37 0.1 0.0201122146515132 0.411084836702992 0.006045499384366
37 0.2 0.0554131834200397 0.404430079019247 0.00508666222157771
38 0.1 0.0221536786951769 0.564050201367709 0.00241787141375609
38 0.2 0.0738999146755058 0.738040989865002 0.00693982331775219
39 0.1 0.0185192729301594 0.4223208949467 0.00426077132250262
39 0.2 0.0564749738994833 0.419685853799535 0.00477605429164654
40 0.1 0.0308790581073814 0.359422689014503 0.00661903091521374
40 0.2 0.0575611728894889 0.329749417482675 0.00632071074122537
41 0.1 0.02141650625727 0.441953697028953 0.00438802273820256
41 0.2 0.0832603787842262 0.42188284626826 0.0058414096136773
42 0.1 0.0191814788173959 0.361590177603681 0.00368089322648267
42 0.2 0.0723020935941498 0.36563444188322 0.00532882979033858
43 0.1 0.021294390697679 0.281688445238154 0.00771520196592878
43 0.2 0.0520478589567161 0.277076439123495 0.00757947858983497
44 0.1 0.014087000828036 0.402967802600763 0.00463976382951955
44 0.2 0.060591065720862 0.387085379445714 0.00455411118709054
45 0.1 0.0223462040595151 0.317436642156753 0.00922326406774492
45 0.2 0.0683175469037262 0.364594350316023 0.0128835031896199
46 0.1 0.0236419972950453 0.890713608010204 0.00404096404850907
46 0.2 0.0633435716127951 1.11752748614495 0.00514161173390034
47 0.1 0.0220987856497566 0.507880596080329 0.00681148648642097
47 0.2 0.0564578979168967 0.54425431433201 0.00713521161541146
48 0.1 0.0187517128612829 0.53145934077403 0.00799004403299697
48 0.2 0.0667664304360458 0.534154808941644 0.0118015582525389
49 0.1 0.0250382035831176 9.77958119628051 0.0102472386354749
49 0.2 0.0542327951623114 11.0129096314373 0.00940542446411955
50 0.1 0.0244970846923818 0.542968664112166 0.00809171588415212
50 0.2 0.0454365749631978 0.536798449091938 0.00831987817483691
51 0.1 0.0334917097005964 0.255509679880692 0.0145160133034578
51 0.2 0.0871445884237028 0.207721759983466 0.0176884275580957
52 0.1 0.0142987324811532 0.43139474536456 0.00365964819133111
52 0.2 0.046738281106305 0.358942314652077 0.0040868994782822
53 0.1 0.0217449739460913 0.559416498443703 0.0248102237114968
53 0.2 0.0650009725303078 0.589312216226831 0.0232926174948164
54 0.1 0.0205650594110409 0.406286327303431 0.00967561675076387
54 0.2 0.0625201571449922 0.38942218334686 0.00836081586718311
55 0.1 0.0147365928161013 0.661609764594371 0.00783012678292212
55 0.2 0.0558544041381086 0.678288169596219 0.0107624543397711
56 0.1 0.0241744597181499 0.392944813824389 0.00746449521249942
56 0.2 0.0639133002316803 0.408301214692109 0.00772698444655749
57 0.1 0.0277910914786205 0.275710102651995 0.00645247277911444
57 0.2 0.0659137346624517 0.293300375660793 0.00722938816838396
58 0.1 0.0254516317433482 1.2582170009584 0.00570066028262211
58 0.2 0.0613803585236997 1.82911150413992 0.0100909274280031
59 0.1 0.0555031614109721 0.298325278071824 0.00704420089653308
59 0.2 0.081683560019365 0.304003640700576 0.00658525071624131
60 0.1 0.0259076297497836 0.530020444659362 0.0118472012606259
60 0.2 0.0511836781293148 0.551781398952336 0.0207778968123283
61 0.1 0.0278810512734856 0.345085393907759 0.0117469105088137
61 0.2 0.057152092158365 0.336446627391917 0.00766407206019907
62 0.1 0.0139107379199017 0.430287411216798 0.012063713094206
62 0.2 0.0554457306922779 0.577895355758111 0.0156486222418683
63 0.1 0.0146631530915234 0.379174378790743 0.00479078654247107
63 0.2 0.05840876414633 0.375412497714218 0.00471469708894424
64 0.1 0.0232787662736455 0.45294217028674 0.00497616216109028
64 0.2 0.0525926102662595 0.451974515122991 0.0040502631811302
65 0.1 0.0255997801345072 0.844421433099385 0.010958363149878
65 0.2 0.0725209784041324 1.16402793102828 0.0122363501989751
66 0.1 0.0249050779331983 0.465305183029947 0.0061635141712349
66 0.2 0.0633776818412088 1.25822999622316 0.00579296402832733
67 0.1 0.0193774760006148 0.756464930784092 0.00503031502661184
67 0.2 0.0537101265137858 0.80743564714845 0.00344201353365362
68 0.1 0.0172629464942951 0.691636719131772 0.0059494133169244
68 0.2 0.0675151792679768 0.602605754557828 0.00410529517078352
69 0.1 0.0188394656288719 0.676172108328978 0.00361123446877812
69 0.2 0.0549307473991096 0.852633801151973 0.00410917138916821
70 0.1 0.0325629234892243 0.271429669614836 0.0135934907816699
70 0.2 0.0719751960652768 0.303941491545763 0.0118223266067586
71 0.1 0.0323894165757604 0.432916398237597 0.0123231147811781
71 0.2 0.0876614976099818 0.428796883971959 0.0120467770579971
72 0.1 0.0157783788419795 0.391427321668078 0.00664702091013657
72 0.2 0.0421043025803549 0.419374751853293 0.0114184376091104
73 0.1 0.0220750645294662 0.256825372498548 0.00644803058922591
73 0.2 0.0874196326881702 0.324718703705911 0.00994181750413373
74 0.1 0.0222884397305437 0.35279672773443 0.00684244460832586
74 0.2 0.0663882366995362 0.358219205556827 0.00895308250301034
75 0.1 0.0162337130036844 0.398407905128632 0.0052419633330595
75 0.2 0.0477324700631439 0.423503314129998 0.0080116718226111
76 0.1 0.0137176867012525 0.249991134696321 0.00694541634044825
76 0.2 0.0519336960690832 0.273646713661643 0.00533532106833714
77 0.1 0.0208516046516683 0.295126572484233 0.00928029058731056
77 0.2 0.0579972028043725 0.318904391983444 0.0122848293289802
78 0.1 0.0203677140211441 10.1991117460991 0.00608070113789669
78 0.2 0.0450741643064541 10.859359297155 0.00595773961476783
79 0.1 0.029406363126407 0.762865885751206 0.00877335600136619
79 0.2 0.0625998254846727 8.08870624042733 0.009020505823883
80 0.1 0.00851090928161102 0.509013005710866 0.00585768905321556
80 0.2 0.0548605787736567 0.509655789082537 0.00620450284788061
81 0.1 0.0266177857315083 0.308444359761174 0.00905193453993864
81 0.2 0.0724573263309907 0.343161055501431 0.0108412864429868
82 0.1 0.0181773756130009 0.396500794181628 0.00661232535034809
82 0.2 0.0541698243461388 0.383403145668432 0.00559233454495021
83 0.1 0.0223002580555965 0.725053826119465 0.00852415384537628
83 0.2 0.0493462879457048 1.67787150720926 0.0123228312002248
84 0.1 0.0286064204352777 0.373271938008805 0.0101161201070222
84 0.2 0.0742807830614713 0.388108628603808 0.00771929730115799
85 0.1 0.0160889040145271 0.471666961144852 0.00795332963980947
85 0.2 0.0681113948751136 0.351678810071239 0.0104014738551778
86 0.1 0.00680574540384297 0.428362068859078 0.0144874815872945
86 0.2 0.0530366109525641 0.280166617314843 0.0136050235743834
87 0.1 0.0143023087768195 0.438378094410069 0.00543633732030629
87 0.2 0.0568299556795983 0.515049982146219 0.00869907171932923
88 0.1 0.0204699137753792 0.386731074195903 0.0144181522682717
88 0.2 0.0451655533257706 0.406663582295387 0.0161938941276831
89 0.1 0.0257548200633732 0.405363980850304 0.00423083823958208
89 0.2 0.05710278405544 0.40437518583825 0.0076516383008117
90 0.1 0.0174744428942789 0.525558064159685 0.00263221815530887
90 0.2 0.0619166756545021 0.488923689495068 0.00303069698628274
91 0.1 0.0393677309381137 0.370213905901668 0.00978778397167286
91 0.2 0.0717197573454903 0.327501756069132 0.00728512526300305
92 0.1 0.0432640131480116 0.670199157180141 0.0131508281076092
92 0.2 0.0660959915657227 0.803046968831819 0.0137585560605416
93 0.1 0.0160437316962079 0.510231385466974 0.00292380375845199
93 0.2 0.0514616199775281 0.676012657216583 0.00482661847468912
94 0.1 0.0326310243876322 0.536118478245023 0.0227201641228424
94 0.2 0.0509169726694519 0.556059226212184 0.0258983058077035
95 0.1 0.0176613552452441 0.309122130683631 0.00673433847537486
95 0.2 0.0657401473440494 0.264052733550344 0.00737561386337329
96 0.1 0.0165878755549714 0.554061832407695 0.0036831805108901
96 0.2 0.0430632393264768 0.702375438631518 0.00650981344569158
97 0.1 0.0216138996361362 0.482138456896276 0.00528406988433854
97 0.2 0.0533056914855611 0.512197470960165 0.00758081241223926
98 0.1 0.0187517128612829 0.53145934077403 0.00799004403299697
98 0.2 0.0667664304360458 0.534154808941644 0.0118015582525389
99 0.1 0.0250382035831176 9.77958119628051 0.0102472386354749
99 0.2 0.0542327951623114 11.0129096314373 0.00940542446411955
100 0.1 0.0244970846923818 0.542968664112166 0.00809171588415212
100 0.2 0.0454365749631978 0.536798449091938 0.00831987817483691
