1 0.1 1.71849961565296 1.35952302892119 1.73116421605617 1.36902739485765
1 0.2 1.45260873867341 1.32448203182878 1.4568419781533 1.33635796683734
2 0.1 1.39482508158914 1.24866089967256 1.39211095156624 1.30217281295452
2 0.2 1.33517236564488 1.19633025019251 1.34337566519687 1.22733994634992
3 0.1 1.39555425362553 1.14403750144255 1.4229382930039 1.16448381040779
3 0.2 1.1344218886346 1.08506804040557 1.15026493366466 1.09409730047013
4 0.1 2.55685581611456 2.19602921458953 2.53894700683017 2.20188243069376
4 0.2 1.95764796055479 1.8254559635353 1.95270061608043 1.81736135094859
5 0.1 1.51872774809033 1.12508469951727 1.51263524868568 1.08522668285035
5 0.2 1.33200006656406 1.16141510893438 1.33206711909872 1.16834448221285
6 0.1 1.4644548110024 1.40080754485635 1.44588428621461 1.43543355302712
6 0.2 1.32900354481006 1.19002463621897 1.34031273532489 1.21838098577092
7 0.1 2.11157186619516 1.78667901684795 2.11365088544937 1.84544878339164
7 0.2 1.65967145887424 1.5116399649822 1.67323924822955 1.54454693564915
8 0.1 1.81877079996895 1.39109427568874 1.83138071559159 1.46167470926244
8 0.2 1.54805960870508 1.25320846060026 1.55770604072561 1.2869306234327
9 0.1 1.97988168742121 1.51773844682199 1.97534814375797 1.52746967169291
9 0.2 1.56194236492006 1.3785983750725 1.60173804289413 1.40753912727591
10 0.1 2.19778912953255 1.57084605750353 2.1907290534989 1.55611884256891
10 0.2 1.73985265691252 1.42209196026439 1.74230922154911 1.43005126906399
11 0.1 1.53637613756902 1.09398116079507 1.5445339467619 1.11183424222042
11 0.2 1.404665952952 1.19326781818638 1.41684986019403 1.22735119039736
12 0.1 1.47653834501988 1.23089374703414 1.47760684103584 1.23933716112325
12 0.2 1.42792804212432 1.08626293146312 1.4401358198219 1.11891372031337
13 0.1 2.10465713480805 1.65933587052723 2.10473118488961 1.68958884825384
13 0.2 1.81036639404075 1.47674829856014 1.82275463817242 1.45883015538648
14 0.1 3.00638147669012 2.23853928105195 3.01375127725055 2.24700486989742
14 0.2 2.40462079614175 2.09390224118457 2.40706890697135 2.10450802259494
15 0.1 2.58464697335651 1.93634908447647 2.59130685887092 1.92626025685211
15 0.2 2.03127020782009 1.78831415395779 2.03206859307818 1.80774770847342
16 0.1 1.86103242279445 1.248099374907 1.85693475971085 1.25304107716918
16 0.2 1.53806621372768 1.08708299318025 1.55111040674064 1.0845606872147
17 0.1 1.7329964384927 1.46103660177861 1.72368997637019 1.48641540813953
17 0.2 1.55082257662325 1.48435163516028 1.54385256377616 1.52570449948625
18 0.1 2.0883293799944 1.76872089606765 2.07976826270153 1.82333250919727
18 0.2 1.57847556954632 1.45031938412087 1.59683539922063 1.49551923419243
19 0.1 2.00786998117226 1.64522431819728 2.01089222501896 1.68873097945579
19 0.2 1.74078216491732 1.3495255050537 1.73719542785432 1.37962652952352
20 0.1 2.53995142789298 1.87695201821503 2.54544301535733 1.87007626793119
20 0.2 2.03048474931726 1.74408665967298 2.03606090771173 1.75188439982075
21 0.1 2.0798567337665 1.76583738494034 2.08045562009209 1.75583695378681
21 0.2 1.69373601127292 1.66394114781372 1.69788056445887 1.63783079305771
22 0.1 1.8910154151074 1.66086708473774 1.89993274255295 1.72623361493216
22 0.2 1.73895862721625 1.44228453130913 1.7445494805321 1.48367454343992
23 0.1 1.65493708997039 1.65893193491693 1.65512020108694 1.67174571010097
23 0.2 1.45937518567203 1.31132731181328 1.46122713158242 1.31333877866914
24 0.1 2.78836508085197 2.2420665711939 2.79585380332638 2.24939252928902
24 0.2 2.09653929363644 1.80507459673609 2.09930221453403 1.82033589877246
25 0.1 1.6594535986367 1.34584311534487 1.65034599068918 1.36289197722292
25 0.2 1.4028791343578 1.21837330336519 1.41020925393224 1.24498126973827
26 0.1 1.67865766046081 1.47232791148838 1.69974652259159 1.50324513883768
26 0.2 1.40743882652319 1.32919004706543 1.40189677971344 1.33500885543726
27 0.1 2.39568491553226 1.58943059462397 2.40090860234165 1.58055120323725
27 0.2 1.92980593963897 1.52603014213677 1.92789575266976 1.51129605963543
28 0.1 1.95096336773734 1.61435616117501 1.94965762254423 1.64732566601492
28 0.2 1.62643408931616 1.46085484795412 1.62566684213977 1.47043856898389
29 0.1 1.86557663527126 1.51957582776838 1.86173318330406 1.55727796389747
29 0.2 1.57875697527409 1.370453345493 1.58380974181247 1.4013032575901
30 0.1 3.07128107152087 2.28955927876962 3.0877506337751 2.25618538255716
30 0.2 2.2175938018357 1.87054352187239 2.23481318893345 1.90150448023807
31 0.1 2.15997972691892 1.45627358386566 2.16295134098586 1.43223421776143
31 0.2 1.73330044037028 1.38383624848608 1.73382042092727 1.38778247382976
32 0.1 1.98595907068283 1.6079023315934 1.98412426701072 1.60551089797852
32 0.2 1.77787297772831 1.63738819154968 1.77330480059267 1.63196720175089
33 0.1 2.06896041370743 1.73654915295444 2.08353760264335 1.75971101190465
33 0.2 1.77776982841632 1.54768257226293 1.7813414580673 1.57593987429307
34 0.1 1.68732583153399 1.2930348586191 1.69180220085268 1.28467484189864
34 0.2 1.42972346609963 1.22174763728511 1.4351866672204 1.20977818388459
35 0.1 2.59785696134942 2.10699320312438 2.60265860816026 2.12972420294868
35 0.2 2.05942916768884 1.74741383869603 2.06372060894188 1.75065222249269
36 0.1 2.02339196537794 1.73687232176511 2.02062943534168 1.76015566919551
36 0.2 1.74887118555863 1.52442641821604 1.75609868506336 1.5270739925253
37 0.1 1.38217311991598 1.24839587378455 1.38141632509841 1.29466845896754
37 0.2 1.26049421246667 1.06198112283616 1.2631867307514 1.07007020159092
38 0.1 1.90082600766533 1.52747521714621 1.9060188382356 1.56624395892474
38 0.2 1.56294792099145 1.40685941586741 1.57313026834828 1.44289736001001
39 0.1 1.77943923821668 1.52987790015448 1.78139724273065 1.5699876025403
39 0.2 1.46279827193647 1.31888512878634 1.46584355789848 1.34216195146988
40 0.1 1.61382776149917 1.25616467862089 1.62079875527046 1.25431878287694
40 0.2 1.38447743033921 1.18701465828996 1.39343912293997 1.22087770957063
41 0.1 2.10427074226745 1.64541195821577 2.1121983765421 1.66409844076803
41 0.2 1.69375820132076 1.46998813522365 1.718120230297 1.4916040582388
42 0.1 2.46378668821025 1.92024575686383 2.46632863045443 1.92473088411438
42 0.2 1.93813616617531 1.78316823888891 1.93813846610208 1.80543490037999
43 0.1 2.19318796397291 1.59498797517008 2.20583291691014 1.61895749637648
43 0.2 1.76492604100876 1.44829538214696 1.77783398840747 1.44433253059367
44 0.1 2.05770254878264 1.5989413877144 2.06835114439732 1.61134854198942
44 0.2 1.6369277302838 1.37358258739383 1.63606879808315 1.39582782369259
45 0.1 3.24324337643998 2.4616552681111 3.26265526407557 2.4687383657283
45 0.2 2.2859185788597 2.01754115221024 2.28690820756909 2.04849989533833
46 0.1 1.3479729342467 1.17966485719744 1.35058491666268 1.16148371471763
46 0.2 1.27703135158467 1.15402712045101 1.29165350153174 1.16338565045766
47 0.1 2.38811718057749 1.78092377221833 2.38072772829177 1.73610386230257
47 0.2 1.92738832093699 1.6745676442858 1.92821928502335 1.66799507247618
48 0.1 2.61301844067449 2.02116815779567 2.62950654101531 2.0192924290165
48 0.2 1.98781554432638 1.74645446929168 1.99715477298342 1.75906344062944
49 0.1 1.60809652988556 1.57100691339213 1.64875549001878 1.63517432552881
49 0.2 1.42212742935742 1.36795478444306 1.52082028474046 1.38181049244638
50 0.1 1.71675117686387 1.37965848821 1.72963144180996 1.32118710339973
50 0.2 1.5051508953963 1.39583082938242 1.52693221322877 1.40250081896152
51 0.1 2.35728151961484 1.7694293898761 2.35911999866802 1.77102911876093
51 0.2 1.84433347739996 1.58775195495882 1.84901768653396 1.62071364178284
52 0.1 1.68014755359234 1.45684614873329 1.68487659607519 1.49075074651349
52 0.2 1.53268004617102 1.30298954770315 1.53216964094363 1.34226922551468
53 0.1 2.53520333632777 1.98163554514013 2.54886712760566 1.97484733816334
53 0.2 1.89554338380559 1.7028702882326 1.91224338869064 1.73982257954018
54 0.1 1.78645824708129 1.47627437202234 1.79061527545862 1.53054201230696
54 0.2 1.47250791934676 1.26794568737414 1.47734553628909 1.27700170762697
55 0.1 2.25223491428145 1.74570684501442 2.26456827281188 1.84480635912025
55 0.2 1.89412573602703 1.49846051558652 1.89206483950075 1.53855458288166
56 0.1 1.79150468409415 1.3896166540422 1.7897359419004 1.37984492404671
56 0.2 1.53442427423602 1.27830315321874 1.53463019707415 1.27201792040669
57 0.1 1.76736165124717 1.52395342501413 1.76725489335637 1.51050530238394
57 0.2 1.35718614910356 1.25586890186361 1.3554121764383 1.24417916835519
58 0.1 1.65712236732836 1.31847756435462 1.65844674958535 1.34699509175692
58 0.2 1.63034146725022 1.29297052958487 1.61979051950236 1.34248092555771
59 0.1 1.81745488932614 1.42279881934876 1.84145707424371 1.48666280413179
59 0.2 1.50290921899442 1.32710184585857 1.5317928915404 1.39281422282715
60 0.1 2.06297967078331 1.5280632206081 2.05490881044156 1.54327261088379
60 0.2 1.72118676192007 1.44999996878863 1.7323854592193 1.45181024802316
61 0.1 1.94863287542315 1.37036999772462 1.9570557126715 1.388316836167
61 0.2 1.49752011396978 1.27219512494657 1.49440697607986 1.24479314720094
62 0.1 1.92523406850738 1.45427850879707 1.95548120440256 1.53058290959655
62 0.2 1.54916299873093 1.38313624653645 1.59248780435069 1.43224425109031
63 0.1 1.86139641032458 1.41128972549854 1.8714484159329 1.42864815928059
63 0.2 1.52880630661628 1.24461770265297 1.53588936601428 1.24422837781011
64 0.1 2.39905815414154 1.76146097723029 2.4098967051622 1.7076334633121
64 0.2 1.81035445364347 1.58776288000511 1.81067125251208 1.60290966411521
65 0.1 2.61248625519178 2.1019794637933 2.62803316878556 2.04434317562307
65 0.2 2.02762352337466 1.75338066227954 2.0351927320597 1.76623410600801
66 0.1 2.38760589627947 1.79696288461142 2.38434143141858 1.79316404724688
66 0.2 1.82402883347446 1.62502340498305 1.83202242206889 1.63133807357025
67 0.1 3.13658627620671 2.32570986110431 3.13185665893404 2.31313372237317
67 0.2 2.36360426751665 1.96404056561539 2.36672414287592 1.9746620062688
68 0.1 2.42989955346754 1.94431232539189 2.44062941003026 1.92181893582359
68 0.2 1.84642198935805 1.6949022421252 1.84383294679383 1.70600740020817
69 0.1 1.84473374734621 1.44970073375874 1.8511946670952 1.51337076016611
69 0.2 1.60573342030381 1.41215350745539 1.6105546960874 1.44981779438667
70 0.1 2.2161494763201 1.71958596683766 2.22022057901262 1.73826863206674
70 0.2 1.65975311344786 1.41739994054755 1.66370169787511 1.42046941427446
71 0.1 1.78961786820617 1.48658983730918 1.81004504943314 1.50261255846876
71 0.2 1.42018319905015 1.29196295096029 1.43992080911369 1.31553359682868
72 0.1 2.11196819560607 1.56670527675285 2.1056462389254 1.59491733168161
72 0.2 1.70165551998166 1.44843949411943 1.70831145464758 1.4787229603247
73 0.1 1.59766201439839 1.32543027797372 1.59424090778722 1.33023860311199
73 0.2 1.29044913921676 1.17410783160944 1.28558324186845 1.20022087738514
74 0.1 1.32338302927816 0.963007360862244 1.312646676076 0.979020678285502
74 0.2 1.17873655846036 0.994997969343047 1.18200517958045 0.981773028749925
75 0.1 2.29498714269807 1.79550838644274 2.27705238817262 1.7852903706602
75 0.2 1.74274293654252 1.50691758640486 1.7463531551198 1.50274357171363
76 0.1 1.87743608947909 1.40324553089343 1.87350308316413 1.40142513972746
76 0.2 1.50505936449945 1.29846317967824 1.51611871044729 1.30770435018247
77 0.1 2.39604048672424 1.75221454913909 2.39529964040226 1.74652633379104
77 0.2 1.78803133565547 1.51450475073901 1.79989022079516 1.54253894361657
78 0.1 1.81276363850137 1.87202800742329 1.93497081192069 1.87366374667278
78 0.2 1.60335002964185 1.61370448725944 1.71370609212065 1.64235781921432
79 0.1 2.36058471505182 2.01759989053177 2.37384097082164 2.08371418386667
79 0.2 1.72565910736819 1.7558208640018 1.80194985884339 1.83137029731301
80 0.1 2.20816396235638 1.68395074241942 2.20631661214287 1.67741529648116
80 0.2 1.80332847151546 1.46747406839261 1.82491479814335 1.47441835375738
81 0.1 1.57551676069492 1.43659351051889 1.57250363552445 1.47890895331164
81 0.2 1.30184921772039 1.16404437919205 1.30262324261748 1.15418127529065
82 0.1 2.4507335339905 1.98635725297281 2.43808640927357 2.01882621098798
82 0.2 1.90663624494365 1.66615915574778 1.92070942562463 1.67363175689651
83 0.1 2.05349964354504 1.5936768398805 2.05923174597137 1.61435437928667
83 0.2 1.7350918290517 1.48195414943672 1.72529141077536 1.51753121696054
84 0.1 1.41507801844161 1.10977079956431 1.41691746687969 1.15229444938566
84 0.2 1.24285970111371 1.1843237100886 1.24762670143534 1.22822412689504
85 0.1 2.2150129663616 1.70541822486072 2.21798975977466 1.77683051489207
85 0.2 1.89144169770613 1.58061986029639 1.89295630716055 1.59242096606748
86 0.1 1.87451930392696 1.66054106905033 1.8802772730354 1.69981564843854
86 0.2 1.70412658406834 1.56547444523849 1.70897528748251 1.59709750270218
87 0.1 1.52577867374927 1.16792815245634 1.5243525080835 1.1814044212299
87 0.2 1.28597507829672 1.10352026688019 1.29070400094592 1.1096984424291
88 0.1 1.87215512428732 1.51613733199298 1.88069232808063 1.56152866241107
88 0.2 1.58134933827878 1.42938237394458 1.58390697291184 1.45166715533982
89 0.1 2.60788600647594 1.81188553294363 2.62028187791287 1.80130548830709
89 0.2 1.97985644608283 1.59940459670709 1.99838805520478 1.65912904970727
90 0.1 2.47172645427423 2.0071188533788 2.48975039468607 2.053205735512
90 0.2 2.05365211393051 1.82008862018545 2.05213828210604 1.83437117897696
91 0.1 2.36214326029319 1.73884232437842 2.37294106046416 1.82362490815948
91 0.2 1.90701559302772 1.64576072971138 1.9127075639602 1.71360375179975
92 0.1 1.67158183450789 1.40733749700097 1.70493862210777 1.53129619779766
92 0.2 1.40892266267636 1.26334306550198 1.43647625887401 1.33190131863762
93 0.1 2.06424194178654 1.7199762955352 2.06856145973405 1.73607290587875
93 0.2 1.66952095159013 1.51819607201685 1.67411631567356 1.54393108117614
94 0.1 1.26977352720199 1.13611281291 1.28228932614526 1.13899327264171
94 0.2 1.19186293813326 1.03924518062897 1.2134318652893 1.04339587368635
95 0.1 1.94998082558151 1.50994013284238 1.94420405251147 1.51720399000183
95 0.2 1.60167596238006 1.32778216095057 1.60153567556548 1.34070048613263
96 0.1 1.98310249348187 1.52454599729642 1.98766958762054 1.56806442905273
96 0.2 1.60967843274244 1.33464736232488 1.60938075394422 1.34991050306711
97 0.1 2.28819885027662 1.59027453633856 2.28403449619057 1.62063956531522
97 0.2 1.70777613668359 1.39921842500592 1.69670142246572 1.43724518732994
98 0.1 2.61301844067449 2.02116815779567 2.62950654101531 2.0192924290165
98 0.2 1.98781554432638 1.74645446929168 1.99715477298342 1.75906344062944
99 0.1 1.60809652988556 1.57100691339213 1.64875549001878 1.63517432552881
99 0.2 1.42212742935742 1.36795478444306 1.52082028474046 1.38181049244638
100 0.1 1.71675117686387 1.37965848821 1.72963144180996 1.32118710339973
100 0.2 1.5051508953963 1.39583082938242 1.52693221322877 1.40250081896152
