1 0.1 0.487125870491028 0.184443646619146
1 0.2 0.505160373394718 0.230310835771546
2 0.1 0.466577362720508 0.0527375016594787
2 0.2 1.67292763702382 0.0885401871317882
4 0.1 0.336055339875838 0.0219363993977451
4 0.2 6.59339016221594 0.0232592667705058
5 0.1 0.784821909626739 0.285068174388912
5 0.2 0.765227196278327 0.279416956963147
6 0.1 0.409402793807561 0.0360072156839587
6 0.2 2.82978091522002 0.0266963912953654
7 0.1 0.468247959334136 0.0448122295800539
7 0.2 2.9057031486869 0.0484398896747743
8 0.1 0.391822379932937 0.0346061335167186
8 0.2 0.504881822767171 0.0278184298100476
9 0.1 0.356152053611307 0.130296461315336
9 0.2 0.363007305927406 0.126232362507611
10 0.1 0.974425344329779 0.075272469946501
10 0.2 0.949705853081691 0.102354820507475
3 0.1 0.805118940447565 0.112032557588135
3 0.2 0.732459520585045 0.0755345351294981
11 0.1 0.267518482377571 0.114488754144445
11 0.2 4.84794809390849 0.1352815466609
12 0.1 1.06148698219228 0.0622480667130946
12 0.2 1.01068675537268 0.0696552472192421
13 0.1 0.76044456927064 0.0147991967863617
13 0.2 5.33755014068559 0.0251778102380339
14 0.1 0.358663408420139 0.0393474015449938
14 0.2 0.641440796562586 0.033593756203505
15 0.1 0.47512237096908 0.111608882201169
15 0.2 0.889946114985137 0.129638908483766
16 0.1 0.33508075847156 0.156233782139665
16 0.2 5.30077919301337 0.156962077464593
17 0.1 0.257590342226929 0.0886673740171818
17 0.2 0.259579930278531 0.110756386972285
18 0.1 0.595263442333051 0.0603063412023986
18 0.2 0.539670530361315 0.0521608327702715
19 0.1 0.219733499171749 0.0298106914868867
19 0.2 0.362395326140338 0.0564495761872564
20 0.1 0.652857047350413 0.0684179247033328
20 0.2 0.594938181715264 0.0720120126103251
21 0.1 0.58054616433271 0.0747688786573486
21 0.2 0.57694672092798 0.0806759428653324
22 0.1 0.483560358521285 0.0584397920656132
22 0.2 0.751314249126644 0.0485212353104708
23 0.1 0.977669930090603 0.109072108113923
23 0.2 2.69734727612666 0.0619867827236298
24 0.1 0.303921734474707 0.022240040782363
24 0.2 0.275638366901138 0.0289920958602476
25 0.1 0.173898619870529 0.0558489541909278
25 0.2 0.32529067733695 0.100363444488744
26 0.1 0.405182268024277 0.0290190535474024
26 0.2 0.418945109606199 0.123822050706428
27 0.1 0.860430877650142 0.146799426786568
27 0.2 0.845975636654805 0.0624114135348724
28 0.1 0.481964170271073 0.0570582403288054
28 0.2 3.51496937208347 0.099830028058198
29 0.1 0.260972973118703 0.0479382623918599
29 0.2 0.460112462137219 0.0777237548932332
30 0.1 0.378600328625427 0.040928410230961
30 0.2 4.48006202664911 0.0467240005223276
31 0.1 0.480940302704947 0.0863457194167234
31 0.2 4.26917485522278 0.0983792242449162
32 0.1 0.619696772328293 0.0144914844169315
32 0.2 0.976208922061192 0.0183572191043091
33 0.1 0.356514493261611 0.0580261761184311
33 0.2 0.455509216358049 0.0555188423089324
34 0.1 0.252095558860838 0.0664811754206916
34 0.2 0.444126343006269 0.0729899879836939
35 0.1 0.417302279065578 0.0376659277073176
35 0.2 0.576751327007573 0.0557327165504013
36 0.1 0.629409264383422 0.0206747474806729
36 0.2 0.799944895678481 0.0254402380884823
37 0.1 0.228719295084004 0.0458226425243802
37 0.2 5.02258582215415 0.0443092982126774
38 0.1 0.333563221795912 0.0472291040033496
38 0.2 2.75341757820751 0.0603334384878719
39 0.1 1.0906932784835 0.0513337220585939
39 0.2 1.05658415973624 0.14454220167086
40 0.1 0.398698524536722 0.0731141847549108
40 0.2 8.36118840528773 0.0697867825239476
41 0.1 0.520969708400085 0.0686892038071756
41 0.2 0.503751435163672 0.0690046719902336
42 0.1 0.540067948097365 0.0180078823103388
42 0.2 0.818093592404338 0.0313776396683714
43 0.1 0.315917966451059 0.064727068160226
43 0.2 4.00347685039361 0.0819558829067515
44 0.1 0.436444685799592 0.0228109351657682
44 0.2 3.26159372033364 0.0263429651956123
45 0.1 0.100403080481429 0.0864781899085845
45 0.2 3.29929479324172 0.0783034595817287
46 0.1 0.354975903764821 0.0144741067000229
46 0.2 3.45483135977041 0.0263163542609219
47 0.1 0.381401047074064 0.0458139997721619
47 0.2 1.9180726315095 0.0475042269541599
48 0.1 0.295984320398072 0.0532184215963965
48 0.2 0.400531661687821 0.0468592139653443
49 0.1 0.632670236601789 0.0846848496461671
49 0.2 0.621702139195977 0.079571659017288
50 0.1 0.473023054126263 0.0171685271428081
50 0.2 0.766880043298484 0.0241560864784596
51 0.1 0.63797690995035 0.123158669234711
51 0.2 0.608368810443478 0.165262385208423
52 0.1 0.472217502491692 0.160536915228196
52 0.2 0.496276079054577 0.113485672557698
53 0.1 0.922904747183628 0.0650527597745185
53 0.2 0.868755536665532 0.0897036572343242
55 0.1 0.291225704937593 0.0510546378767411
55 0.2 0.433217616378917 0.0702094815699016
56 0.1 0.589405747662441 0.0384826892473226
56 0.2 0.578278965097413 0.0325912471918777
57 0.1 0.712052916288988 0.113329702086318
57 0.2 0.689384940535543 0.0583695488307595
58 0.1 0.319117739317193 0.0399060697958417
58 0.2 2.78782815134986 0.0422028124111372
59 0.1 0.251145505982445 0.061540598208594
59 0.2 0.482407140894186 0.0594997390295014
60 0.1 0.338645623867589 0.050969434881316
60 0.2 0.33984736137436 0.0720191597912489
61 0.1 0.109055841560719 0.0189371192739975
61 0.2 0.139158768661182 0.0250609771296358
62 0.1 0.568106763609035 0.217741649324621
62 0.2 0.562901422103634 0.205008947406492
63 0.1 0.666050528431207 0.0798571326328073
63 0.2 0.562424988646221 0.0775307667107596
64 0.1 0.30673155948968 0.0359118449708767
64 0.2 0.306505585973358 0.0685156696546405
65 0.1 0.784124355867309 0.0304277141252816
65 0.2 6.46828441708692 0.031669108876514
66 0.1 0.448467276878608 0.029672894057347
66 0.2 0.65865107655994 0.0269751646922589
67 0.1 0.351830497711737 0.083052434290349
67 0.2 3.26232045410641 0.0945206855291102
68 0.1 1.20002913170198 0.162897984663042
68 0.2 1.09927733549629 0.141233309784756
69 0.1 0.398019803479435 0.0672618955515047
69 0.2 0.440861700312071 0.105355854774527
70 0.1 0.432689047417864 0.109361693211003
70 0.2 0.428417878154449 0.0971387647676377
71 0.1 0.282510885902156 0.0336009510828132
71 0.2 0.545341872167265 0.025157606261609
72 0.1 0.279342753933539 0.0192720564251504
72 0.2 0.286376467012287 0.0995834371660011
73 0.1 0.43821314755524 0.0170526919135067
73 0.2 0.455494873682716 0.0493484937956987
74 0.1 0.283246508501369 0.0509222173699095
74 0.2 0.24933065957584 0.0606630605769797
75 0.1 0.754202419715508 0.0565440451933809
75 0.2 0.721537725184506 0.0524488274651123
76 0.1 0.42347957130599 0.0326841258312387
76 0.2 0.409570384367834 0.0295085216370791
77 0.1 0.542902630852087 0.014787376736051
77 0.2 3.18479071959135 0.019622717962172
78 0.1 0.655378705633081 0.0833989832014427
78 0.2 0.638999730631685 0.0784660136638702
79 0.1 0.174147477300485 0.046557963587459
79 0.2 0.198779593824743 0.0449955551772129
80 0.1 0.316708521266366 0.0294439773486321
80 0.2 0.47660709123872 0.0259617708380876
81 0.1 0.605157164225618 0.0799106211434245
81 0.2 1.21003277394426 0.122576880804495
82 0.1 0.960373132335211 0.0604242020661773
82 0.2 0.809371979027789 0.0483886516332234
83 0.1 0.485774708250397 0.131502635023599
83 0.2 0.482535140578304 0.46021483535106
84 0.1 0.75126269659736 0.0318146345839388
84 0.2 2.42308730542353 0.0559233686494119
85 0.1 0.520170397029875 0.0933261432443042
85 0.2 0.463108330871723 0.0910316435883317
86 0.1 0.240021674295542 0.0454016056745839
86 0.2 0.25609029378493 0.0612555465067725
87 0.1 0.809395789309624 0.0324970295057773
87 0.2 0.778751585096145 0.0342630943217678
88 0.1 0.814089080259979 0.0743358598720834
88 0.2 0.753459753490406 0.0703936915702256
89 0.1 0.616082702909136 0.0302435305042403
89 0.2 0.945237480107394 0.0327038124300513
90 0.1 0.49915190593133 0.0265242921912817
90 0.2 0.459334503280069 0.0324235216553269
91 0.1 0.233062109627949 0.02777686630818
91 0.2 0.410263002918561 0.0409704307394217
92 0.1 0.346781438676904 0.0930333997690062
92 0.2 0.336379546720349 0.0912649676261844
93 0.1 0.357777113977902 0.0775640109445019
93 0.2 4.28002843849901 0.066569316427435
94 0.1 0.370232807855346 0.108958776097296
94 0.2 0.363490837892892 0.137477338538216
95 0.1 0.420699521248564 0.070339363316592
95 0.2 1.8984682844434 0.126713826572362
54 0.1 0.685296259881184 0.0787611515112469
54 0.2 0.649669155971405 0.143333594784345
99 0.1 0.383067280435575 0.0427370440296413
99 0.2 2.94564221896599 0.042468885348864
96 0.1 0.768677285907596 0.0656158955315733
96 0.2 3.56011915534748 0.0673196082662072
100 0.1 0.554124593621107 0.0263663299254944
100 0.2 0.874917772787687 0.036768406579308
97 0.1 0.377767791742901 0.189407301646748
97 0.2 0.374629023421844 0.213153510431314
98 0.1 0.214811633700587 0.0759363795520044
98 0.2 0.220017003991248 0.0906075115053772
