1 0.1 1.38896791808797 1.38902237535747
1 0.2 1.20112414998411 1.20609022817927
2 0.1 0.895770052474008 0.895910670571857
2 0.2 1.05974014600029 1.06409439922326
4 0.1 1.28091520204604 1.29468848452455
4 0.2 1.12507657110515 1.11868182289818
5 0.1 0.29624094941309 0.306900011395077
5 0.2 0.512820732013717 0.525789822285425
6 0.1 0.97386622804123 0.978845313225005
6 0.2 0.994722161934442 1.00683494583873
7 0.1 1.43424815744507 1.46765595351492
7 0.2 1.51480689508034 1.51611483045016
8 0.1 0.923348515310797 0.929571361577614
8 0.2 0.816485125969299 0.838400673469258
9 0.1 1.01916248714609 1.03652786993111
9 0.2 0.92805976381369 0.94809541004472
10 0.1 0.529988949650757 0.529693936727962
10 0.2 0.732483686207132 0.711901792759971
3 0.1 1.33917725385803 1.35226921604828
3 0.2 1.27415035552365 1.24804511609327
11 0.1 1.31117141769234 1.31011286845557
11 0.2 1.3519581442107 1.35073580639331
12 0.1 0.581722033772661 0.579396798771174
12 0.2 0.769746434238082 0.771021022930101
13 0.1 1.24147323728628 1.25560602403685
13 0.2 1.39081239354282 1.39350986618
14 0.1 0.608681414447552 0.608064875111351
14 0.2 0.527254892754678 0.523343144965692
15 0.1 0.71924749155296 0.718581444728251
15 0.2 0.799404025514886 0.797940908241256
16 0.1 1.4385797414211 1.55448520187108
16 0.2 1.01256143304391 1.01141283665917
17 0.1 1.21029290540478 1.1859133953283
17 0.2 1.16513568571216 1.14271503527462
18 0.1 0.612924329481661 0.613326928506698
18 0.2 0.806830539103792 0.808185506923594
19 0.1 2.36511310501505 2.36714701152094
19 0.2 2.10067223604905 2.10112606064608
20 0.1 1.2828572344578 1.28527345285375
20 0.2 1.35164276321144 1.35416930066263
21 0.1 1.09102784453764 1.0858849337116
21 0.2 0.939213803055779 0.945911765179491
22 0.1 0.645273373041072 0.645594592970199
22 0.2 0.71787999827213 0.718962182966146
23 0.1 1.15635943554352 1.15701156776225
23 0.2 1.0878775881567 1.10019742160083
24 0.1 1.13362596176463 1.14083906306367
24 0.2 1.04688530566407 1.05537687887009
25 0.1 0.692756533521322 0.702097362583965
25 0.2 0.95493098302541 0.951619537245609
26 0.1 0.809893143328529 0.812284540516207
26 0.2 0.966003559192945 0.969179483820921
27 0.1 0.797453167325118 0.805781410049321
27 0.2 0.985338296121261 0.985237218059565
28 0.1 0.833054861629665 0.832212780461029
28 0.2 1.01513954228823 1.00604109551873
29 0.1 0.449402257562763 0.450118177941557
29 0.2 0.604057689029456 0.603986412622317
30 0.1 0.453719933732066 0.420784116201681
30 0.2 0.536194228362016 0.55069183562718
31 0.1 0.875838212525417 0.871430940897104
31 0.2 0.959247972920692 0.965177505406042
32 0.1 0.658778986946397 0.674876739823616
32 0.2 0.615374220021029 0.638355911448729
33 0.1 1.1535110516103 1.16672155907563
33 0.2 1.23508688372776 1.24501833545886
34 0.1 0.727845787588952 0.720443380666147
34 0.2 0.838627273145818 0.827720943441128
35 0.1 1.24311767909837 1.24923373901764
35 0.2 1.35735628322466 1.35669557937372
36 0.1 0.531641645994453 0.528767083837455
36 0.2 0.64882483438572 0.657109877061893
37 0.1 1.08046415904022 1.0804628401453
37 0.2 1.05545237703992 1.05553154207985
38 0.1 0.980899843915103 0.980927533848188
38 0.2 0.918523873470554 0.918820982176148
39 0.1 0.400433555857109 0.405854758158205
39 0.2 0.645248382643685 0.655597041830152
40 0.1 0.750941430920583 0.773271138933475
40 0.2 0.908689222382214 0.918344704729503
41 0.1 1.19960059592974 1.19793356551231
41 0.2 1.17807347399275 1.17785947447038
42 0.1 0.576579854452325 0.575770239238724
42 0.2 0.844084291004636 0.856441882573406
43 0.1 0.623780919319977 0.625812248081097
43 0.2 0.697792925502912 0.699852910821786
44 0.1 1.42869775702779 1.42974907368858
44 0.2 1.2731144429865 1.27502762878205
45 0.1 0.912682378936427 0.912676534858463
45 0.2 0.942878974707848 0.942257362460792
46 0.1 0.50953887061339 0.50472036758459
46 0.2 0.795167994914681 0.804134453871134
47 0.1 1.16356734440699 1.16354580347974
47 0.2 1.15651516061639 1.15633719586684
48 0.1 0.861999571509319 0.86269536226158
48 0.2 0.826103504205581 0.822418227867395
49 0.1 0.983257245409595 0.982437930298443
49 0.2 0.960699951195482 0.959810146578764
50 0.1 0.668044929778241 0.671214443474403
50 0.2 0.880214433279268 0.871982484795844
51 0.1 0.733053318962724 0.737000593570718
51 0.2 0.873865038552254 0.892216513685778
52 0.1 0.704180076892385 0.704638733914865
52 0.2 0.943977074663684 0.945335122919113
53 0.1 1.02322754211291 1.02770253287356
53 0.2 1.11513039551873 1.11970222371759
55 0.1 1.02387344899752 1.03904644303325
55 0.2 0.966264070157757 0.972661811606053
56 0.1 0.952433605335653 0.952902037066143
56 0.2 1.06806866485701 1.06013891321799
57 0.1 0.768331649007999 0.769484070888781
57 0.2 0.917723043606437 0.920165066156264
58 0.1 0.976990432645948 0.980940811154549
58 0.2 1.08745901508868 1.09943398623759
59 0.1 0.557914035386842 0.55790784258485
59 0.2 0.735089162859454 0.735018985450638
60 0.1 0.589591760881206 0.595177618989275
60 0.2 0.787651145476634 0.785814601788651
61 0.1 1.35057971139669 1.35382661159177
61 0.2 1.14318279566536 1.14554206280557
62 0.1 0.769670950793546 0.772450752384469
62 0.2 0.920674541433428 0.921941689144884
63 0.1 0.957539113612044 0.945951866483152
63 0.2 1.07192363910528 1.09112357270808
64 0.1 0.84646622238335 0.846840878831752
64 0.2 0.870371154075846 0.870647822189991
65 0.1 0.809405982922208 0.801563279230218
65 0.2 0.839111117467694 0.833102808847542
66 0.1 1.0774836811382 1.04278927052341
66 0.2 0.870079411701951 0.866773253612176
67 0.1 1.26413419636982 1.2582058552824
67 0.2 1.45751590736464 1.45748089879655
68 0.1 0.632118278994338 0.626517627846132
68 0.2 0.806340437896402 0.803952740044003
69 0.1 1.24930214175504 1.24597527007354
69 0.2 1.40106581952341 1.40130240480506
70 0.1 0.565630817385658 0.570640720730046
70 0.2 0.699233100408673 0.704334096861546
71 0.1 1.46834292310962 1.47182937375114
71 0.2 1.46514986938422 1.46693663420224
72 0.1 1.88858539048179 1.89485544567441
72 0.2 1.75853552318426 1.76150731621493
73 0.1 0.486403917301845 0.475430585532688
73 0.2 0.802656880269281 0.802184517589574
74 0.1 1.08805011113711 1.07520809060616
74 0.2 1.06789962787171 1.06815701743349
75 0.1 1.26807952776081 1.27655460072765
75 0.2 1.12206889984557 1.12297698846312
76 0.1 0.730392781986629 0.730722157307253
76 0.2 0.892455845259826 0.90068143741962
77 0.1 1.09430774973562 1.11363361387457
77 0.2 0.915378669281823 0.923771378067349
78 0.1 1.09506678526187 1.10922067993117
78 0.2 1.05496138116363 1.06546267903618
79 0.1 1.22967671713368 1.22959976452051
79 0.2 1.11440670736747 1.11441709478808
80 0.1 0.75895130714257 0.759411195287335
80 0.2 0.896609686169442 0.896738326481172
81 0.1 0.749195282215761 0.74765044703316
81 0.2 0.990674453764336 0.991101967992977
82 0.1 1.52840091883435 1.54316301961034
82 0.2 1.14500057308866 1.16352225334304
83 0.1 0.525007019900503 0.521983882131333
83 0.2 0.635038949847704 0.656949393864287
84 0.1 0.90025183131251 0.901404011003351
84 0.2 1.00087696266393 1.00660482304338
85 0.1 1.07118486074838 1.07439350740343
85 0.2 1.10046731382145 1.0998637020791
86 0.1 1.3499584181053 1.34911146313899
86 0.2 1.15207850634412 1.15247109658094
87 0.1 1.4764754715107 1.47182001060376
87 0.2 1.33891021675079 1.3474930886373
88 0.1 1.72264073008666 1.78589744494995
88 0.2 1.53614622428662 1.52521295087014
89 0.1 1.07288851761362 1.07147336602786
89 0.2 0.905080331346972 0.905808772038738
90 0.1 0.809113165785729 0.814944205700121
90 0.2 0.895473911316559 0.892686096547459
91 0.1 1.35000716776504 1.3489654855913
91 0.2 1.31293768390747 1.31150011988288
92 0.1 0.891414838319428 0.930613708736606
92 0.2 1.02110518116564 1.05056279488546
93 0.1 0.669819154619143 0.666903328104716
93 0.2 0.680615537699773 0.68078536219137
94 0.1 0.894145527284359 0.894282402586611
94 0.2 1.00832225833185 1.0082877386365
95 0.1 0.849882064806748 0.880047137256599
95 0.2 1.04315055909692 1.06475987136513
54 0.1 0.454750971446205 0.453489025685806
54 0.2 0.751402518447767 0.750077537490522
99 0.1 1.22639922074522 1.23331245926093
99 0.2 1.29060657053156 1.28784132173651
96 0.1 0.600004998034875 0.621431889905658
96 0.2 0.732829418991611 0.751038218799818
100 0.1 0.99155068549106 1.00997169748991
100 0.2 1.35157324722117 1.33030057907478
97 0.1 1.33880839436415 1.35306083158163
97 0.2 1.19004798883868 1.1945272761737
98 0.1 0.764305820375386 0.754970545560935
98 0.2 0.896340766429094 0.900429347769216
