1 0.1 2.2031438332642 1.63212657434991 2.25918127869962 1.80240057886884
1 0.2 2.30162427898497 1.72561100557291 2.32998511610215 1.81947214079535
2 0.1 2.22359759986972 1.43323049381057 2.31964502933926 1.65047854474128
2 0.2 2.15181060730794 1.39594782051792 2.48560395262227 1.66853547313158
4 0.1 2.03009449742071 1.4810835481238 2.32662972636152 1.78110854783007
4 0.2 2.94300704045908 1.4770417912678 3.5225815587965 1.76792621146131
5 0.1 2.55733295550046 1.87829047445696 2.46255581011777 2.13130839485686
5 0.2 2.62053259015185 1.9010573723495 2.52814163507357 2.01121320716266
6 0.1 2.08653228336069 1.61237760979398 2.27454712421601 1.96273340924717
6 0.2 2.57597281323632 1.58033372248374 3.18828754352875 1.96115710592241
7 0.1 2.43282493352303 1.67431356039014 2.46844501234661 1.90616750161277
7 0.2 2.63574484029165 1.76559555198335 3.09948332254678 1.95426128241133
8 0.1 1.9650125381152 1.44975197840785 2.03581763890139 1.62248100536062
8 0.2 2.04469565250367 1.43961236407149 2.16321059321804 1.648876345405
9 0.1 2.14248333283798 1.6375523349863 2.33038450467843 1.94205688357811
9 0.2 2.20934914203039 1.62741422336744 2.37475314824422 1.85298958551005
10 0.1 2.85564899548416 1.58100816953419 2.73223556505918 1.68596892394063
10 0.2 2.90122063737702 1.67577080797408 2.76473568005744 1.81419975495137
3 0.1 2.74531223131887 2.25400863399023 2.75657155223502 2.53774289134593
3 0.2 2.80128491508676 2.14724777012085 2.79139852610397 2.38408844749408
11 0.1 2.24870968506016 1.76912648237294 2.30797571765337 1.95557145774963
11 0.2 2.67468778148855 1.89705933898028 3.2160779839337 1.99307606300989
12 0.1 3.10794878336163 1.88293715436243 2.96091358178575 2.10975362706949
12 0.2 3.15824857409455 1.97184042430984 3.03134079927138 2.14286632060267
13 0.1 2.61292966506786 1.67197120345733 2.74485290806034 1.91993011268282
13 0.2 2.99475080419337 1.75501609814424 3.57604458060889 1.95750044064109
14 0.1 2.09373156953594 1.32345339263404 2.12635102222205 1.49329070112298
14 0.2 2.35391291075863 1.33095993189614 2.44711811863049 1.49311856236787
15 0.1 2.3743680314831 1.78820310045608 2.42208352418135 1.86403396471113
15 0.2 2.73161541836782 1.83967837199903 2.65514458495027 1.876442880047
16 0.1 1.87977121647962 1.55776678999352 2.07586480108995 2.07740346488282
16 0.2 2.67357801332074 1.53445273101372 3.10647967746936 1.78265109673816
17 0.1 2.22953882425074 1.72717111019091 2.26703564936515 1.9173723052611
17 0.2 2.32473197173227 1.80405383011214 2.35370147036165 1.94334502823253
18 0.1 2.36940202599206 1.61664584613123 2.50012667925477 1.73814032673686
18 0.2 2.36370212076222 1.6151648998584 2.49536553977605 1.74172275872005
19 0.1 2.19047729823245 1.55664209058845 2.24808775222538 1.72886350141277
19 0.2 2.39314807248678 1.51778765086055 2.52357892794772 1.73310177444488
20 0.1 2.67318775158529 1.76031790081345 2.74418552762892 1.94573546580164
20 0.2 2.72967506390696 1.7273593355523 2.78899478588574 1.94922616268637
21 0.1 2.41284332222232 1.59175427750147 2.33601184649583 1.64950283655832
21 0.2 2.49019872041784 1.57869013788412 2.39974965506772 1.59154885261975
22 0.1 2.27066924606399 1.57778048930527 2.28483520530555 1.64658977152046
22 0.2 2.55834678766997 1.63232577772939 2.55067309159748 1.65081747761643
23 0.1 1.98473099547586 1.60597985113879 2.41711115063985 1.75270372720947
23 0.2 2.24082198182514 1.58952596680722 2.75439703409179 1.8014496690367
24 0.1 2.16887475284245 1.62705954941722 2.24448082690026 1.94896416086463
24 0.2 1.84643154240267 1.59389079213523 2.05311724572346 1.85659289905744
25 0.1 1.85484168932054 1.42197858402206 1.88707204808229 1.55889354024659
25 0.2 2.11229068802013 1.40340958433159 2.20408118864828 1.59033006001685
26 0.1 2.2768163867867 1.51913396992975 2.29977721129661 1.64824114999825
26 0.2 2.32933121889478 1.69966761091532 2.36093804252799 1.848112577838
27 0.1 2.71639894144676 1.73469307048657 2.73365197923991 1.94420048507606
27 0.2 2.77676568831371 1.92129062216318 2.76972145132233 2.07096210968853
28 0.1 2.16694845460915 1.51508933676042 2.24439065006348 1.77330598930228
28 0.2 2.45177132537722 1.51739851046994 2.97227903756577 1.76751110602673
29 0.1 1.90702022877048 1.454278402297 1.95186654415324 1.60168532227074
29 0.2 2.09956056816693 1.4585332273616 2.18792165488843 1.60828660722176
30 0.1 2.1262968773002 1.62090072167776 2.18650761128347 1.77365945801387
30 0.2 2.58876973982705 1.60548510395419 3.04896888588152 1.72711492830187
31 0.1 2.43373211831205 1.83633740809446 2.44063441530434 2.08393441336672
31 0.2 2.69208422521849 1.79498890090871 3.16663999667353 1.93201015407908
32 0.1 2.40440367833843 1.40523490209486 2.3745098988399 1.61036623449281
32 0.2 2.6524127133878 1.39831175054035 2.60032197395373 1.62662329579564
33 0.1 2.08430720785517 1.53787272471168 2.1063739766312 1.67187625578966
33 0.2 2.19859506485375 1.52482297297739 2.36525241877715 1.64711152895032
34 0.1 2.12389655683202 1.74774662155595 2.24658888875692 1.95459762004969
34 0.2 2.31500823855388 1.8207218252514 2.5065459198614 2.01786008814242
35 0.1 2.09346264345925 1.72503610395556 2.42184467326994 2.0374604723835
35 0.2 2.23307099951021 1.75568934901233 2.6045968146339 1.95375336792272
36 0.1 2.24771371234144 1.4362248228628 2.30761458736507 1.71449865323015
36 0.2 2.34183755605018 1.47130515688893 2.49807597643024 1.70315633817783
37 0.1 2.16157172314667 1.68065371909192 2.23741868626272 1.82917367931448
37 0.2 2.6198899360429 1.68011207839929 3.14923134683644 1.82875327524998
38 0.1 2.09207977971544 1.45925193929397 2.10381698925248 1.57805345717908
38 0.2 2.27590370905879 1.46756199739784 2.79690684320033 1.57489299565076
39 0.1 2.87041651015561 1.79937964388885 2.82838323440698 1.91884349298288
39 0.2 2.93387550168355 1.83817680226086 2.86348914424293 1.94054614766475
40 0.1 2.23042508915991 1.46987882277843 2.22171059629623 1.73665851137627
40 0.2 2.73825149919102 1.50318095694456 3.07265601987409 1.70515381832338
41 0.1 2.54082124220567 1.68796100776336 2.59893470057424 1.96832159209504
41 0.2 2.65014059706398 1.74257507377437 2.67977744405898 1.91976903221499
42 0.1 2.51256963536338 1.52667787379011 2.40750548648144 1.63259990098524
42 0.2 2.79478699964321 1.67675314497914 2.70132853977858 1.68248289200754
43 0.1 1.88316743267533 1.36444581085973 1.93883584457947 1.5231045022833
43 0.2 2.50023753780064 1.37593920116774 3.11741544201106 1.51835764743725
44 0.1 2.34263424690339 1.79562438211406 2.47897453019278 2.04781091616353
44 0.2 3.41378497861091 1.81836082672652 3.43174450837938 2.04665511317175
45 0.1 1.3946044465754 1.24099710378061 1.55593700958799 1.39890585684331
45 0.2 2.01671039090458 1.2344035608558 2.57679413067724 1.40257251889355
46 0.1 2.04348016365273 1.31427817153454 2.11778452171585 1.51876555822505
46 0.2 2.36210287451799 1.30618200225718 2.94850258227191 1.53593100646606
47 0.1 2.15507075720278 1.49967171945815 2.16432440415322 1.63491397786971
47 0.2 2.21787330015347 1.51921205049479 2.63995982157434 1.63839095092
48 0.1 1.80088401235556 1.47469162594851 2.0598759727427 1.74064463479278
48 0.2 1.87919843889736 1.51201163000669 2.10778895771124 1.77118007727897
49 0.1 2.28534642155457 1.36152286706832 2.25432957989452 1.52460419781427
49 0.2 2.36447050150658 1.36970673729897 2.31754126269337 1.52746826356249
50 0.1 2.48712088345147 1.54977432702548 2.42417180149712 1.66757271416182
50 0.2 2.84668116769875 1.59639283549195 2.77809152392333 1.65340262998945
51 0.1 2.41883125785266 1.50755791519843 2.45511039497883 1.70988951713998
51 0.2 2.46184304215723 1.70380445897698 2.49551863936507 1.76301437346242
52 0.1 2.26442334002001 1.58145131371135 2.32085170663517 1.76552151335646
52 0.2 2.4219831076468 1.57488319437031 2.4373250752217 1.75832868963749
53 0.1 2.95362582648448 1.7650617636693 2.87584408959759 1.92841784638238
53 0.2 3.03718424126597 1.78510424068425 2.93328737478473 1.94515604565558
55 0.1 2.07899955744333 1.60360564654918 2.20662177536452 1.72651385383739
55 0.2 2.27057659270974 1.60709273937858 2.47963573217283 1.72580094413549
56 0.1 2.50381420100103 1.57924298903684 2.43361650727279 1.78314534507312
56 0.2 2.61621300034735 1.64869835592988 2.53875277847115 1.85300072189173
57 0.1 2.63880496798947 1.55051633678893 2.62050294950424 1.65758805398973
57 0.2 2.74129360129471 1.57647898891503 2.71221257120673 1.7132966737725
58 0.1 2.29028496366302 1.62498928495392 2.34953970254631 1.82138078987185
58 0.2 2.5836711263786 1.65485662732005 3.053236194334 1.84900691631544
59 0.1 1.90676252608346 1.45870646571907 1.94478466520006 1.59996630040362
59 0.2 2.12674971520141 1.46945994871897 2.25807950605779 1.5828413066344
60 0.1 2.07504196619537 1.40025733504255 2.09056991832197 1.57927758884125
60 0.2 2.11727125577046 1.46761102807756 2.12230566608896 1.64164154727898
61 0.1 1.7117485265374 1.45076312598427 1.88831241128173 1.56633669492267
61 0.2 1.75948389055808 1.46751996110582 1.92872466815285 1.56575690660174
62 0.1 2.31819450149979 1.66095712375701 2.29700967080095 1.75614966151289
62 0.2 2.40801320474969 1.67887227644855 2.3692669759591 1.77295910206073
63 0.1 2.93494147519333 1.94003167390136 2.85797080619919 2.16311297845014
63 0.2 2.94933021424596 1.87572106850573 2.89822213097859 1.98625701355033
64 0.1 1.97702706993492 1.34076298796939 1.98987924549299 1.48986087405046
64 0.2 2.00619114728836 1.3535070324095 2.01985635133637 1.49371668945407
65 0.1 2.6695390671535 1.61994057860425 2.66579859319309 1.95324777716685
65 0.2 2.92949997416664 2.05320589348569 3.46757865744795 2.42792395709726
66 0.1 2.41323651629641 1.63045158616348 2.42043146222742 1.89650102693187
66 0.2 2.66113556710258 1.66788494615062 2.73512906661269 1.82934027427061
67 0.1 2.34020598093616 1.74796608605186 2.41378553884464 2.05937846876441
67 0.2 2.72744804528229 1.72583827860386 3.21718466015895 2.08839796391743
68 0.1 3.07913674648036 1.81239677118561 3.13585172479951 2.02285036213918
68 0.2 3.15927346540819 1.76345340165795 3.17471427377454 2.02455749087881
69 0.1 2.35812969587431 1.44279965604568 2.28888109928709 1.60505549029402
69 0.2 2.45494371958497 1.49210100969779 2.38857902620262 1.65011405111019
70 0.1 2.14475392039829 1.64856576705081 2.28037903536268 1.94324327640443
70 0.2 2.20818673005202 1.64793027979033 2.30861804970976 1.96788690106322
71 0.1 2.34777531934426 1.78909537445932 2.43269708697085 1.88296895444485
71 0.2 2.6580729758095 1.75532331074772 2.76716052117289 1.87159007132316
72 0.1 2.17025967012204 1.59743223036053 2.21700425324629 1.70400920187622
72 0.2 2.2559567069896 1.6190126093685 2.29351430561126 1.71738155164695
73 0.1 2.25006135608159 1.37638207757454 2.21186020811541 1.55953573452103
73 0.2 2.35249465365462 1.33908852087406 2.28553250877685 1.61894377382456
74 0.1 2.07354059254518 1.54306704850611 2.05351703171407 1.70450378762527
74 0.2 1.94902051932835 1.53204531232235 2.11724589080895 1.71257412168017
75 0.1 2.58983521107679 1.56308644505277 2.5322408416085 1.72990989531986
75 0.2 2.63744517265064 1.53078635989712 2.5562823965707 1.73337332568356
76 0.1 2.44828310862399 1.83548676182706 2.42477881541131 2.02308141808807
76 0.2 2.49035929966526 1.81019265047079 2.46425630262441 1.94242774669343
77 0.1 2.42650955693725 1.52956121134148 2.52871176342469 1.79605163801747
77 0.2 2.69901563386778 1.53396680149964 3.18836952203566 1.77639227507929
78 0.1 2.64352120767035 1.53149651730681 2.59631228074885 1.74000581789333
78 0.2 2.72216103609883 1.53290092045049 2.66418480953808 1.74118558123937
79 0.1 1.89322562389712 1.52646025518978 2.06189897410662 1.7071624917258
79 0.2 1.94711318173975 1.51124236412783 2.11079825201631 1.76354765087955
80 0.1 2.01348220318812 1.41721374552129 1.96241122789884 1.49023255237958
80 0.2 2.1998285947941 1.41254828917098 2.1446264450712 1.50495802002367
81 0.1 2.65700045836121 1.98914634818618 2.73303201535946 1.9462700793895
81 0.2 3.09478349007422 2.03219663579348 3.09129809157038 1.98209076088704
82 0.1 2.71896404689717 2.03725641526705 2.63535991344963 1.98410829456932
82 0.2 2.65737705389816 1.99188453864872 2.59947921376687 1.98691837802158
83 0.1 2.23018504226534 1.58169959936392 2.3111011670585 1.7282554689051
83 0.2 2.28545419886574 2.24457899664661 2.37092560588463 2.36708779393659
84 0.1 1.69029629329103 1.26634063538878 2.08615664917403 1.51245434634607
84 0.2 2.04872957751874 1.2854568109277 2.43497690439673 1.53104754973355
85 0.1 2.45284228951641 1.66829869624331 2.58771118631394 1.80136823018102
85 0.2 2.49412389710767 1.62527009675605 2.62544558526915 1.81080396217865
86 0.1 2.05426042396117 1.59648762214747 2.13793559453796 1.74300494007914
86 0.2 2.12683388825104 1.61496143085231 2.19660533276335 1.73810582095227
87 0.1 2.79843676478623 1.87608087844353 2.72173194641912 1.99690633982119
87 0.2 2.88937988960171 1.83359443225137 2.80084182296413 1.99320236038998
88 0.1 2.93231101506479 1.91124603229889 2.82945733732341 2.01559977604163
88 0.2 3.0250224311301 1.85813738303306 2.91622537371748 2.0034139207783
89 0.1 2.66852509810101 1.8238946538513 2.69405378415398 2.03348312739575
89 0.2 3.00871384026774 1.70259010065587 3.03480540744209 1.91023504178116
90 0.1 2.2435971030341 1.62943024776831 2.33077922918528 1.85589069410559
90 0.2 2.26652980629627 1.68114816030784 2.35850351706565 1.85525199431432
91 0.1 2.04274250613302 1.4737229155159 2.10101562887131 1.66644612450661
91 0.2 2.24811491351497 1.58283963190992 2.3082946750753 1.69809579948695
92 0.1 2.22965849734866 1.61450420262305 2.25129660485074 1.73446848553811
92 0.2 2.26549456465104 1.66580216171841 2.27622520182498 1.74097342365602
93 0.1 2.13257576623523 1.5636457387741 2.28856343925711 1.86643840478633
93 0.2 2.71345331581937 1.5291853923052 3.16880659891604 1.83839734141771
94 0.1 2.09866041756552 1.92890010524569 2.28072647086896 1.89704083350496
94 0.2 2.15493695660071 1.92525475924846 2.34109658189566 1.90422652175006
95 0.1 2.48665097328029 1.83340547742418 2.51509669544895 2.01855564458479
95 0.2 2.83404612763171 1.83301306357582 3.04485485207021 2.03495669067375
54 0.1 2.52782690089117 1.43613970617394 2.51579358882499 1.66393690202024
54 0.2 2.59553295004492 1.54562628708006 2.55831421007443 1.69849621736718
99 0.1 2.53401261284069 1.79116274949805 2.61901886553611 2.04959754948988
99 0.2 3.05737914424594 1.78391599759444 3.52965925510987 2.04771839699253
96 0.1 1.91779559061389 1.33221465760884 2.27152050590228 1.659556947863
96 0.2 2.40168023097738 1.34407068555835 2.82921400576847 1.7159594434384
100 0.1 2.70556826360183 1.80722892256468 2.667433830062 2.02668886478804
100 0.2 2.91737537533737 1.81016888659036 2.8822013669633 2.02926846574279
97 0.1 2.36414757199248 1.89241008467934 2.40842246694999 2.01829488680453
97 0.2 2.44990164318132 1.92224728501482 2.48763751027896 2.05463865956692
98 0.1 1.93995990413372 1.5023730300826 2.02106053314302 1.65457104595431
98 0.2 1.97212793281948 1.4904133378543 2.03981175559854 1.61228653067176
