1 0.1 0.053089648837725 0.0797999174156456 0.0551205504319243
1 0.2 0.0662139921031294 0.0807310543774877 0.0435997882354645
2 0.1 0.0652957944867005 0.0770928130350451 0.0436575034177249
2 0.2 0.0752304663360522 0.0767346792376313 0.0499740380974552
3 0.1 0.0694311506385017 0.0720315923550593 0.0462017750980242
3 0.2 0.0842202150474718 0.0713494001275145 0.0437438325423344
4 0.1 0.0736091462563048 0.0744927750842048 0.0340868726789514
4 0.2 0.0875478816217431 0.0765157106037605 0.0318920170840471
5 0.1 0.0492787619843803 0.0728518175349857 0.0272174954746133
5 0.2 0.0903834443957382 0.0776917424113691 0.0403174521739944
6 0.1 0.0560916988813285 0.0708965249319327 0.0367988321007668
6 0.2 0.103379525683327 0.0708134569304397 0.0418904193625045
7 0.1 0.0552327692420504 0.0744000847511371 0.0411249059031389
7 0.2 0.113391172132533 0.074660866913515 0.0354865547802871
8 0.1 0.0436684009812207 0.0706024852795432 0.0233304333025697
8 0.2 0.0805341366716738 0.0728654897800659 0.0294535433180829
9 0.1 0.0634345855863522 0.0702521837801 0.0271080041055825
9 0.2 0.0824658492683531 0.0741610601495225 0.0345928388310062
10 0.1 0.0949383630246963 0.0869347412472451 0.0481772958371152
10 0.2 0.125017785964483 0.0963214755187944 0.0524758635710608
11 0.1 0.0659797344241293 0.0724501477149444 0.0402968548718189
11 0.2 0.0858089394906058 0.0749289488426311 0.041977326439256
12 0.1 0.0499018656451037 0.075297548432718 0.0228865706030491
12 0.2 0.0971257480874898 0.0742320467183895 0.028191167860848
13 0.1 0.0649718830806895 0.0763123181415803 0.0293316742400763
13 0.2 0.0885538125104182 0.0770677574985837 0.0406591986887296
14 0.1 0.0574579329630479 0.0728882804262911 0.0301991118234474
14 0.2 0.10049003855877 0.076676819406115 0.035540000823643
15 0.1 0.0564799430578905 0.0767740346083446 0.0366907539986747
15 0.2 0.0781180632133896 0.0762088173909521 0.0379770590892064
16 0.1 0.0741937187910363 0.0714202019215427 0.0495700053487023
16 0.2 0.0885263496154831 0.0721831341382647 0.0374118245171132
17 0.1 0.0665690189837388 0.0773639970896723 0.0353451698129287
17 0.2 0.0975988231403992 0.0821586192967501 0.0380480201983594
18 0.1 0.0723790711474685 0.074406067298878 0.0501474922714414
18 0.2 0.0942133493971932 0.0757097898084243 0.0586946901583464
19 0.1 0.0655347307014891 0.0745675837165216 0.0452245697773714
19 0.2 0.0820436478098355 0.0788156532984891 0.0402695965085396
20 0.1 0.0610107312982732 0.0748927844568385 0.0394086357277532
20 0.2 0.108743735243387 0.0706315205203462 0.0338141560413507
21 0.1 0.0762023166852834 0.075041291990016 0.0406061678827795
21 0.2 0.0945977281603726 0.0750920622966362 0.0465509197398795
22 0.1 0.0560204401586834 0.0709703499739636 0.0360042132008277
22 0.2 0.0943012096977176 0.0707990037419552 0.0332641175353454
23 0.1 0.0537892974978473 0.0757530696781202 0.0368175463928777
23 0.2 0.0850980622627478 0.0806142627265058 0.0401819577120667
24 0.1 0.0455030872454641 0.0732437487361724 0.0228037894690633
24 0.2 0.0841015085449845 0.0721980768581873 0.0215090730587164
25 0.1 0.0543859057296902 0.077160580449424 0.0527930096379425
25 0.2 0.079380862781676 0.0781761062615754 0.0345090695580535
26 0.1 0.0598732073835626 0.0747686232162713 0.0367414102991534
26 0.2 0.0797438547384725 0.0773581683993714 0.0318544937610256
27 0.1 0.0467177250489111 0.0714643093083456 0.0270387789323563
27 0.2 0.0730738190167572 0.0723568345353394 0.0226002527753075
28 0.1 0.0767840698253526 0.0737088598571369 0.0405699851894216
28 0.2 0.0938180819838039 0.0794543343710335 0.0427723112732061
29 0.1 0.0732464051152231 0.0734299707013467 0.0509274391061404
29 0.2 0.0889279544977415 0.0767866588240971 0.0479377462825437
30 0.1 0.0637570325329264 0.0977843695185951 0.0454226010974157
30 0.2 0.0795357655224513 0.0883279786537423 0.0448038161913985
31 0.1 0.0654463583973196 0.0700483934740351 0.0363725235730817
31 0.2 0.0830646820192565 0.0704073732600786 0.0390487306231957
32 0.1 0.0705125271836585 0.0716270660399428 0.0385938640847891
32 0.2 0.0861572899528722 0.0748608330013871 0.0377941932146285
33 0.1 0.076034397858845 0.0710279496373244 0.0496361793008779
33 0.2 0.0986125937422557 0.0730197034321166 0.0445939976702494
34 0.1 0.0654805792511313 0.0722789428541266 0.026878668967555
34 0.2 0.0791162477649794 0.0731305581315292 0.0328767470196056
35 0.1 0.0609253430285483 0.0753987661619586 0.034904644079746
35 0.2 0.0743052805585525 0.0773123761820758 0.0404908665361666
36 0.1 0.0620894264451901 0.0714443756946355 0.0319676145025839
36 0.2 0.0861080337390893 0.0719254543448294 0.0399408249118533
37 0.1 0.0684409694743015 0.0709032348252273 0.0273860751408211
37 0.2 0.100005956092926 0.0739364426651865 0.0416024558717175
38 0.1 0.0576826267002027 0.0718462519831345 0.0469285404129017
38 0.2 0.171515521665956 0.0730598191651304 0.0424271910525807
39 0.1 0.0662602526132881 0.0727934950367616 0.0412838255341143
39 0.2 0.144162980429353 0.0744548506978487 0.0930690806161326
40 0.1 0.0580996309767384 0.0714891773954742 0.0253804908227306
40 0.2 0.0696092397248944 0.0728402034797205 0.0325529811858151
41 0.1 0.0582477508560929 0.0761085318367287 0.0287098014511803
41 0.2 0.0977749701086446 0.0812303701974003 0.0387983353386676
42 0.1 0.0532732251905485 0.0692542201333518 0.0320121000097123
42 0.2 0.0758355486737538 0.0713918841085617 0.0375264121257359
43 0.1 0.0578783932603094 0.0745244355432541 0.0393060883759272
43 0.2 0.0886919619848345 0.0808925643861626 0.048794454401305
44 0.1 0.0419656676648304 0.0685163499905101 0.0276476647054109
44 0.2 0.0801138992196272 0.0705557654785898 0.0254301500906973
45 0.1 0.0702587539719934 0.0760834734320934 0.0559244770034817
45 0.2 0.11336435514593 0.0815279371392215 0.05468496031736
46 0.1 0.0564012203959793 0.0732984139694436 0.0377704464668911
46 0.2 0.0748805845114464 0.0749474195535564 0.0424320518605207
47 0.1 0.0573510658639908 0.0745508025660698 0.0372396756422622
47 0.2 0.0906633587066534 0.0749398676152841 0.0377029256847034
48 0.1 0.0614618702885652 0.0870375526268988 0.0589867311523974
48 0.2 0.0845755637937412 0.0810541135811638 0.0444362942778287
49 0.1 0.0376280558184869 0.0762204399091076 0.0168845629058333
49 0.2 0.0896005486568987 0.0808607401162622 0.0186285419214601
50 0.1 0.0576856485597354 0.0762622790549566 0.0422530551894413
50 0.2 0.0945867830073693 0.0860670626288305 0.0517075410686145
51 0.1 0.0654462584482691 0.0791150281805521 0.0496933710982113
51 0.2 0.0708341428055464 0.0805346825261321 0.0460861142251705
52 0.1 0.0607494439803222 0.0766111818710587 0.0393821531385997
52 0.2 0.0982661535549183 0.0768402562657807 0.0409950663945466
53 0.1 0.0548024866750466 0.0744724413452925 0.0294172737117493
53 0.2 0.0895281259203705 0.0755207178954509 0.041163353935386
54 0.1 0.0486102094634363 0.0721709534643442 0.0249127772978136
54 0.2 0.0953632712717435 0.0742425449511245 0.0326244719509482
55 0.1 0.0532164745276346 0.0701149647291596 0.0242629189033891
55 0.2 0.088875107834778 0.0704025416673665 0.0262411373034717
56 0.1 0.0544859833613925 0.072643890980572 0.0489642583850421
56 0.2 0.0683670942483856 0.0725390860764073 0.0490985867559661
57 0.1 0.0474892399517741 0.0734218187122947 0.0389096787709489
57 0.2 0.0802953993005364 0.0711908452629857 0.0267626447266632
58 0.1 0.0846876331478498 0.0745792231312896 0.0594515303796144
58 0.2 0.0945015160066922 0.0781458371456755 0.0576635850500524
59 0.1 0.0538648947194369 0.0752864643263095 0.0256516715650173
59 0.2 0.0634446081551636 0.084174667986904 0.0259211329350927
60 0.1 0.0483694462438979 0.0723892864883642 0.0317075033837248
60 0.2 0.0746156417404681 0.0758327089770778 0.0359422169410582
61 0.1 0.0722603211639486 0.076880994856732 0.0377057900053269
61 0.2 0.0876801617225753 0.0726374028363973 0.0357268515107081
62 0.1 0.065536338497885 0.0710937421125924 0.0361656167051077
62 0.2 0.116490905043182 0.0734250470370721 0.0481090957156689
63 0.1 0.0616265101925419 0.0744935695927035 0.0384648135647309
63 0.2 0.0885645448590515 0.0791680272711502 0.0481714900217459
64 0.1 0.0417011739302212 0.0728208771997639 0.0222477966003937
64 0.2 0.0922423456207225 0.0755483904104265 0.0290820339932603
65 0.1 0.0408942006342842 0.0757463922351215 0.0206777733467331
65 0.2 0.0907317758170809 0.0757257593522436 0.0255372125023917
66 0.1 0.0705126499816569 0.075252466985614 0.041216330738107
66 0.2 0.100095932140503 0.0752213969291867 0.0354133668571247
67 0.1 0.0333126298548398 0.0725828038551162 0.0172223776207441
67 0.2 0.0861223540304212 0.0811640907697628 0.0185607980464225
68 0.1 0.0725504685486142 0.0725892743582104 0.0585396377319223
68 0.2 0.130242038206686 0.0799942992187416 0.057186447769618
69 0.1 0.0723055930272661 0.0727993348491422 0.0453343913118251
69 0.2 0.0814856780429598 0.0771805283227524 0.0428171055625116
70 0.1 0.0797733931513476 0.0792880169032887 0.0374323623176271
70 0.2 0.0998165871640143 0.0808715283065412 0.0456557962351406
71 0.1 0.0611145388493196 0.0819004406300829 0.0446191378875151
71 0.2 0.0831442390633238 0.0831688690670205 0.0439588460490441
72 0.1 0.0525425695689716 0.0736321713025804 0.0370578247929782
72 0.2 0.129285011385609 0.0746441636209706 0.0409587867770201
73 0.1 0.0649959499197552 0.0693981020170518 0.0233347153804124
73 0.2 0.0806951265522972 0.0687926862531229 0.0278449829272742
74 0.1 0.0811151224686455 0.0751794040387168 0.0318652134071742
74 0.2 0.123093408132151 0.0760598173668466 0.0470700018878578
75 0.1 0.061409143999997 0.0780740624771043 0.0406842174753829
75 0.2 0.094508238188384 0.079967035365186 0.0330665778821689
76 0.1 0.066284823000346 0.0717765493724071 0.0414749823736814
76 0.2 0.0881949240429636 0.0719261921753793 0.0327956071253264
77 0.1 0.0572946779291757 0.0718113236852583 0.0389302353398462
77 0.2 0.0886551200425577 0.0729920858499546 0.0424376335603483
78 0.1 0.0849415205006757 0.077037712736073 0.0372960703739219
78 0.2 0.138596684938234 0.0827797554969467 0.0460261438873999
79 0.1 0.0619593691022058 0.0729594227148005 0.0287246335612313
79 0.2 0.0957184504050365 0.0715746207974991 0.023646800573734
80 0.1 0.0671320532133497 0.0709629723140224 0.0255213846501646
80 0.2 0.0825629876131386 0.0709173153953021 0.0272354816262677
81 0.1 0.0727666967171241 0.0869783203797396 0.0760944546905499
81 0.2 0.0966070398539128 0.0750537721632654 0.0637270631343514
82 0.1 0.0545526041299788 0.0716670085463891 0.0245493765133071
82 0.2 0.0887536233388384 0.0711089523288955 0.030236698263816
83 0.1 0.0627599629195086 0.073405526809536 0.0369738952270113
83 0.2 0.0877369684959244 0.0757523667994541 0.048077062938194
84 0.1 0.0933646611781083 0.0852118501310291 0.0619063809991451
84 0.2 0.111250856288068 0.0880813668082737 0.0531272438491112
85 0.1 0.0709169911096791 0.0794737486425248 0.0589214806860781
85 0.2 0.0864595098587433 0.0846288330905732 0.0502445919168929
86 0.1 0.0660695407826796 0.0769149377621953 0.0528536184118203
86 0.2 0.0902752825737371 0.0848789460344351 0.0450995529269026
87 0.1 0.0649844202466425 0.0691308877880413 0.0325981504090001
87 0.2 0.0998257208350162 0.0695058289098045 0.0383083499161
88 0.1 0.0543451127099756 0.0703404101535139 0.0277045305151335
88 0.2 0.0857732534421008 0.0716942759708604 0.0340884177929113
89 0.1 0.0850461875855253 0.0762561795682349 0.0502109090607938
89 0.2 0.10291556652478 0.0790108604112626 0.0491992496254098
90 0.1 0.0798039523898559 0.0712531456381569 0.050907296391462
90 0.2 0.0976061769966326 0.0723524056916122 0.0459893280768022
91 0.1 0.06857529093154 0.0718135305296462 0.0427046282372881
91 0.2 0.146026805450917 0.0729683651225994 0.0348189628553588
92 0.1 0.0799388601789553 0.0752774317396534 0.0377769385698973
92 0.2 0.0864878653774571 0.079911029103214 0.0398454696850065
93 0.1 0.0662099412890673 0.0777245575606776 0.0467544509274861
93 0.2 0.105342689837311 0.0760374224715576 0.0414750629292126
94 0.1 0.0840095062679699 0.0752566874033502 0.0579696757673547
94 0.2 0.0891587456983342 0.0741953404392903 0.0570860325824728
95 0.1 0.0560570019587301 0.0793518340719191 0.0325737571532285
95 0.2 0.0914770721175884 0.0819390539643235 0.0403235382491565
96 0.1 0.0413182263458752 0.0706715252410779 0.0215948302750044
96 0.2 0.0674279145567409 0.0735867531786853 0.029538972088119
97 0.1 0.0568574736700585 0.0781704173299154 0.0311274981280471
97 0.2 0.0800336298008715 0.0779704180915372 0.0288626931954504
98 0.1 0.0429144004188091 0.0940474336473806 0.0317377144838033
98 0.2 0.0821074805152974 0.0947322200613883 0.0341520907180606
99 0.1 0.0725383113472265 0.0739210836034787 0.0385597759733027
99 0.2 0.0899100820456869 0.0764978036271516 0.0396062989090678
100 0.1 0.0418040367554583 0.0733899468469709 0.0178832320177674
100 0.2 0.0832734482744579 0.0754965509240278 0.0286514403417581
