1 0.1 0.208295470638457 0.209333361931242 0.211982515539249 0.213405343141142
1 0.2 0.242672304272463 0.242486677574525 0.249285750366522 0.249320362222824
2 0.1 0.208712489751306 0.208208243647806 0.213990385498645 0.213521615051978
2 0.2 0.242082328078658 0.242584041552776 0.249701914050001 0.250813439235253
3 0.1 0.198168730728105 0.198384767618995 0.199454885000301 0.19975896968429
3 0.2 0.284680944378443 0.285277743121625 0.285576791192437 0.286023191062568
4 0.1 0.229681209441938 0.229007986083476 0.229877951549568 0.229457212050008
4 0.2 0.283019302043507 0.285957005955487 0.290649367703615 0.295065293259685
5 0.1 0.241209055371076 0.247389107569289 0.249768291705483 0.262355877414892
5 0.2 0.306365712502842 0.326687496694092 0.309950996715205 0.330531466488008
6 0.1 0.180675246810069 0.178229291120133 0.182359153637264 0.181162418163283
6 0.2 0.318801451106951 0.314045846412178 0.317847606925344 0.314069116693166
7 0.1 0.160754658652196 0.162063690754673 0.157215595669291 0.157581766611351
7 0.2 0.237712704776295 0.238761724130367 0.243559801147666 0.251623037054724
8 0.1 0.152125363157799 0.147457518388566 0.151997854495513 0.147359489322343
8 0.2 0.250771776101227 0.251720629950992 0.249592121421797 0.249905407475439
9 0.1 0.25001193818512 0.24845178549265 0.250996217536318 0.249396277161568
9 0.2 0.359171206936685 0.358521483826429 0.360972436648943 0.360379112152879
10 0.1 0.204506047670689 0.207625679299882 0.205217201875016 0.20855777591207
10 0.2 0.254868142163336 0.251812957036425 0.256835026715379 0.249630457917941
11 0.1 0.16905888587471 0.169266186724291 0.175251195417207 0.178958734011742
11 0.2 0.276592219982217 0.275433111976013 0.276502411293971 0.274073634818185
12 0.1 0.163338304311176 0.169111757708534 0.162716786717356 0.172270546020879
12 0.2 0.268920781998119 0.267386741785064 0.266374674174919 0.265458400212192
13 0.1 0.255805553187986 0.260680597784478 0.256709707465327 0.261514634834685
13 0.2 0.281214773294217 0.285255090566811 0.285315774680256 0.29103380093309
14 0.1 0.299363699779529 0.2999893968687 0.305863846561849 0.306536029057492
14 0.2 0.338012148100652 0.339216906195692 0.339248819958924 0.340371068576037
15 0.1 0.254693725742215 0.255256093103011 0.255681003101129 0.256033676398602
15 0.2 0.297774092772879 0.297281213711123 0.299606826839424 0.299013243225353
16 0.1 0.223769855873861 0.224256675429479 0.222139767420133 0.222498175922252
16 0.2 0.259551896762067 0.260872485553573 0.260301760121763 0.261543929688516
17 0.1 0.220843344771555 0.222944286474279 0.221636823167327 0.237469639599948
17 0.2 0.304183077698148 0.30722469931391 0.306880158069292 0.310928372027976
18 0.1 0.22794323439051 0.226962784246931 0.226735637675093 0.225596937166152
18 0.2 0.361813777375175 0.361085691428699 0.369704270784882 0.36926541361057
19 0.1 0.203125082564119 0.203927605385665 0.203621581489769 0.204370334675232
19 0.2 0.283001905438201 0.285475279842779 0.284035621193828 0.286773732735686
20 0.1 0.193018170474039 0.192901291715365 0.192863566083318 0.193095398715494
20 0.2 0.339682701126442 0.341772804347679 0.351791028782391 0.354131899237689
21 0.1 0.240791136222249 0.23876439514609 0.244114262594452 0.242849648921655
21 0.2 0.303791320031401 0.302400443124266 0.302554288575349 0.301205496602094
22 0.1 0.308237168576124 0.307104705151719 0.310949666513122 0.309216892064324
22 0.2 0.3216034523209 0.324775042460986 0.321520214298656 0.325555394595761
23 0.1 0.264766236635024 0.268274167946655 0.261296697808079 0.270028961268405
23 0.2 0.316262939693452 0.31469522331374 0.309206687480063 0.30695606052276
24 0.1 0.180186829687272 0.180139911425207 0.193329696492027 0.196100215541891
24 0.2 0.237863888465609 0.243247184381247 0.23903899785042 0.245788438416745
25 0.1 0.233115662520196 0.232511371397473 0.239292048471991 0.23839280993405
25 0.2 0.245898438190263 0.248776540004753 0.249958896004944 0.252761608371631
26 0.1 0.17022473264278 0.170679317099758 0.173797706467989 0.174038707200748
26 0.2 0.234927906155607 0.234634634468254 0.234196933972393 0.233618036240401
27 0.1 0.164192763332401 0.165455473541336 0.16577883283437 0.165709135260292
27 0.2 0.258823693006581 0.262282601687359 0.260518818399649 0.270106441206443
28 0.1 0.395640661438355 0.38917115348166 0.40061941896654 0.395351478720595
28 0.2 0.432305484089595 0.428967367427352 0.431257683947207 0.429007532112462
29 0.1 0.202704698157584 0.20332484888808 0.201840566456184 0.202664288307876
29 0.2 0.245917914722384 0.248783627709994 0.247097860496737 0.250375638788461
30 0.1 0.199795632792733 0.203533478833121 0.206910026691725 0.212058233968453
30 0.2 0.307914526810632 0.307599719121242 0.325818072089339 0.324468379712735
31 0.1 0.265096311939047 0.265647693263562 0.266562382292609 0.267575529971399
31 0.2 0.306431945658948 0.307436098502102 0.304354543427949 0.309747187090533
32 0.1 0.202502648431088 0.202215810968547 0.200019774435716 0.20035629483646
32 0.2 0.285012880594374 0.283303606842305 0.294304511252394 0.294904231852992
33 0.1 0.191813215610513 0.192152386606674 0.191034011347239 0.191379463118557
33 0.2 0.270085389692491 0.270590731079347 0.27762149244634 0.278102512456459
34 0.1 0.159028640603202 0.161257535855741 0.159383543159836 0.161600987273015
34 0.2 0.22480581877976 0.223565170793987 0.229308837770324 0.228285460344855
35 0.1 0.161787186045022 0.162475343403281 0.161039525971874 0.16111966758583
35 0.2 0.238770785238761 0.238074978751413 0.241854724101278 0.241243833790474
36 0.1 0.242280444030185 0.243264250072091 0.242025760354156 0.242898980845434
36 0.2 0.353208311958431 0.354621034449642 0.360118474146336 0.361765590690955
37 0.1 0.144916796046181 0.149441164005355 0.145434050371275 0.150334887685694
37 0.2 0.224330489264011 0.224407604896101 0.223332608047793 0.223637534852571
38 0.1 0.197170356030669 0.197215578827158 0.196960639586725 0.196969209570561
38 0.2 0.280978018921025 0.280967859559963 0.284447080689008 0.284158741583437
39 0.1 0.246306031886591 0.239509749377663 0.248543061384635 0.24167853419202
39 0.2 0.316354246700881 0.31156172235253 0.316472382525901 0.308945757762955
40 0.1 0.244334150322685 0.246239336493742 0.249604576577972 0.251556786665861
40 0.2 0.289911986364541 0.289762468927814 0.293388739411854 0.293390435889333
41 0.1 0.230405936095301 0.230264989900022 0.2303491593882 0.232858182477589
41 0.2 0.323770219166442 0.32228583361405 0.32469072364808 0.323030341870929
42 0.1 0.181026243426259 0.178074253801437 0.179742269625187 0.176769830159439
42 0.2 0.284459266101899 0.28260992674433 0.277979955450075 0.275715347944829
43 0.1 0.206364790143139 0.210748786059595 0.206091478268117 0.210608878190631
43 0.2 0.23931159802477 0.243424818382129 0.240573386395699 0.244479206750426
44 0.1 0.150138976375617 0.157272434797901 0.150474495054596 0.157089383681986
44 0.2 0.241009312620142 0.247097039060154 0.240499906832541 0.250893726623172
45 0.1 0.139504384017441 0.13971511362572 0.140130768388031 0.140375551998923
45 0.2 0.266908056655559 0.267864531678501 0.26566468598809 0.266658994083379
46 0.1 0.222059658896903 0.221630759185468 0.224553360892127 0.225290484363655
46 0.2 0.28836223375725 0.290771649420816 0.288280545791355 0.290216672745521
47 0.1 0.285908806909597 0.28331000113811 0.288332659459244 0.285462038219864
47 0.2 0.328258688578406 0.326820695503317 0.331673563170475 0.329803219757416
48 0.1 0.215213710568961 0.215367925192244 0.207169869933298 0.207110973157752
48 0.2 0.297573989968405 0.300920402366087 0.304068323414007 0.307003267254347
49 0.1 0.220902442688496 0.219447079540505 0.218716588979575 0.215954530263102
49 0.2 0.306634784207951 0.31766777241608 0.307434402642541 0.319618928676152
50 0.1 0.245758420253445 0.245005226643796 0.246807705127151 0.246265635021401
50 0.2 0.341415006063939 0.341846828346504 0.341052863452418 0.341527843044124
51 0.1 0.226267698493727 0.225592897986533 0.229537849687853 0.229966391035288
51 0.2 0.24940627952265 0.250689382730617 0.250274108729915 0.251540088685043
52 0.1 0.302542261659748 0.300329174571726 0.302846436375534 0.300863221610867
52 0.2 0.340015282080107 0.336650481822967 0.340680744684325 0.337068670344899
53 0.1 0.197218556660852 0.195898816832903 0.196043052874295 0.192910685994945
53 0.2 0.291572734605926 0.291828531089352 0.288226408106003 0.286860954991072
54 0.1 0.285288672434531 0.283556239261173 0.273041817647875 0.287884060084592
54 0.2 0.34651808485146 0.345949592698318 0.346449236723457 0.345441031928666
55 0.1 0.15265309100627 0.155481327482467 0.153254424449734 0.157643790220454
55 0.2 0.248873111940944 0.248419883597633 0.24889020145473 0.248843717768307
56 0.1 0.217089844918293 0.216565689010082 0.217759267050019 0.217351248817393
56 0.2 0.269081485727769 0.26859131577208 0.262236314206441 0.26115755992517
57 0.1 0.207152502466571 0.207931955624006 0.207319028366756 0.207743269940138
57 0.2 0.269431473788486 0.271390107069439 0.271643985911767 0.273110150726629
58 0.1 0.20983303862265 0.209934648671838 0.212284447930649 0.212404040301008
58 0.2 0.258261792020735 0.257691503812001 0.257110642325836 0.256522472944427
59 0.1 0.173617191922861 0.177497950914106 0.16929056477281 0.191602345763394
59 0.2 0.241214435916927 0.269747630796133 0.253996192466445 0.283932065872732
60 0.1 0.225314373303313 0.225780829272606 0.225302760202772 0.2258407980938
60 0.2 0.321607966025499 0.320740615524687 0.323444452867832 0.322664201371641
61 0.1 0.27205813784466 0.272203603540783 0.276358294845231 0.276754049121397
61 0.2 0.300632480969114 0.300411201924504 0.305013346255806 0.304398335329101
62 0.1 0.201722901192786 0.199243485407199 0.201208927932606 0.19798059605171
62 0.2 0.282918987277537 0.28312763899778 0.280570252991175 0.280243964459776
63 0.1 0.152572477433603 0.153217148484665 0.154183763972997 0.155070639962742
63 0.2 0.210303249284209 0.210654265262732 0.214382745402285 0.215646119296134
64 0.1 0.265356755885653 0.266455048222848 0.272891886803684 0.273410950233669
64 0.2 0.306633505602257 0.300181754461847 0.305958944149476 0.299931850894447
65 0.1 0.149426509346769 0.151595596196706 0.149157416169284 0.154380600444177
65 0.2 0.24442733694887 0.244704755941514 0.250052497840154 0.251965902332863
66 0.1 0.204906473009485 0.209495937973903 0.205100831528957 0.211680505807072
66 0.2 0.295321346002018 0.293983234052084 0.293319349388571 0.293182952059261
67 0.1 0.177654712633345 0.181855887219443 0.180953039036389 0.185750681242207
67 0.2 0.27234759357325 0.274282418679474 0.291913443119349 0.294567144310207
68 0.1 0.194039950589591 0.194302948438606 0.193689178767899 0.19397918410837
68 0.2 0.279045983441422 0.279159132286917 0.293683704402446 0.293982368291138
69 0.1 0.178003245672081 0.177222237189834 0.180847020960165 0.18003319370185
69 0.2 0.270126093624811 0.268902789666947 0.267983747171542 0.269016889429044
70 0.1 0.35644284069215 0.349586990262063 0.355071591309026 0.347631559711697
70 0.2 0.419715616486734 0.418212436472022 0.414967833143196 0.412895902621462
71 0.1 0.21570722064545 0.21484819557564 0.220041883526297 0.219809275561915
71 0.2 0.300723748254089 0.300850564509964 0.31040398680833 0.311250373939427
72 0.1 0.247220657413445 0.247003236827 0.245572827473968 0.245329940820646
72 0.2 0.285662543500124 0.294442287996776 0.287070129146818 0.2956135108179
73 0.1 0.220406897507746 0.23010470541864 0.222471955546487 0.232052706838786
73 0.2 0.311547013275182 0.316422560307423 0.31586025644026 0.320332901196161
74 0.1 0.119766151279697 0.127968728976449 0.118449695227811 0.125923937386507
74 0.2 0.213601865418028 0.214502642113866 0.220263924851166 0.214284399283683
75 0.1 0.130325684541865 0.130524863555329 0.127972783289154 0.128015633445145
75 0.2 0.243563907576899 0.247435397735059 0.23992705380191 0.242833872748264
76 0.1 0.171727840915244 0.173176820937818 0.172118483205445 0.173618360182251
76 0.2 0.269465677097535 0.27095435035754 0.26926202289817 0.270457943855559
77 0.1 0.221517085473782 0.2239161556987 0.225860281932981 0.227810477928755
77 0.2 0.316071656112731 0.317285915039205 0.317917357688123 0.318866050910899
78 0.1 0.186419827907446 0.187591322417803 0.185707226557681 0.186611042155896
78 0.2 0.283645615997508 0.283053690268307 0.283658690529935 0.283130089949611
79 0.1 0.220153842389565 0.22180361917224 0.220774596920182 0.221849423815972
79 0.2 0.27355037347088 0.280590678083968 0.273824426787788 0.27987804156102
80 0.1 0.198403991027903 0.207333661994265 0.196757657853141 0.203356011450799
80 0.2 0.257257121863461 0.265719686456802 0.25580483575884 0.263573234451158
81 0.1 0.257675539526797 0.258383860607179 0.269061047688512 0.270714050767029
81 0.2 0.307300587927723 0.306557207668116 0.312535233433568 0.312008126095168
82 0.1 0.181142426608755 0.178981144051541 0.182836077233988 0.179457330630973
82 0.2 0.243934914409169 0.24216209874538 0.240797801440252 0.239101099135594
83 0.1 0.191533267371695 0.191799371611602 0.193904716876942 0.194072627078854
83 0.2 0.282540908908871 0.28251519196989 0.281155844990717 0.281365789091338
84 0.1 0.148979541067518 0.148943194230642 0.146770427543492 0.146664770305882
84 0.2 0.22075135879952 0.221558082249218 0.221752860667398 0.216368575499325
85 0.1 0.24531409522911 0.245877596683832 0.254075328889283 0.255217829660601
85 0.2 0.273355714848314 0.27787135540467 0.279453659662298 0.284328085341244
86 0.1 0.20200415260605 0.202009189080208 0.201937786779655 0.202038747149654
86 0.2 0.289744474270173 0.291066858302071 0.280571546129342 0.281907080269716
87 0.1 0.237731593345881 0.237733662985702 0.240662558896984 0.241470197332085
87 0.2 0.325769544880401 0.325450946165755 0.330383736848658 0.33028018873453
88 0.1 0.25983933876322 0.257329874537249 0.259966692438245 0.256634372548823
88 0.2 0.330468443670523 0.332195743790372 0.330155801770824 0.331388494081604
89 0.1 0.301167622967527 0.301026855186765 0.300779712106994 0.300664668195999
89 0.2 0.358997108106986 0.361435587933644 0.358123293402092 0.36075341414657
90 0.1 0.215350168817634 0.21502724616336 0.216196014468794 0.215932463635999
90 0.2 0.2696988933721 0.270289377832717 0.276832348116646 0.277063351932324
91 0.1 0.167760429093973 0.168258338193516 0.172225910863305 0.173936120041106
91 0.2 0.269513140263575 0.270151354905898 0.272556636873186 0.269265544605158
92 0.1 0.247967432576894 0.247885907419216 0.248363206491269 0.248273848707263
92 0.2 0.316365538053674 0.317354964436424 0.315392323280407 0.316154466580571
93 0.1 0.235000143730638 0.237608593890158 0.233884324343433 0.236485294312158
93 0.2 0.315109234503013 0.317419168174389 0.312737147737715 0.31462837571188
94 0.1 0.186617766858373 0.186358756173496 0.179696400206247 0.17938959346894
94 0.2 0.258844737952414 0.25869841533957 0.246599043833326 0.2464318058586
95 0.1 0.155864469479952 0.153549813477649 0.158906316713992 0.15640204810014
95 0.2 0.221428105283617 0.225368294034853 0.223966821814185 0.22752066672885
96 0.1 0.216059223894538 0.224615178452356 0.217348608602977 0.225183562406711
96 0.2 0.269279560217674 0.268672936756472 0.273117968031726 0.272861845162179
97 0.1 0.213221759397677 0.212712955076765 0.20112040125495 0.200236090502996
97 0.2 0.34141658104491 0.340389749047241 0.361220612082206 0.359832687193517
98 0.1 0.226194280857483 0.234905038210491 0.225668553216496 0.237919887418626
98 0.2 0.251684903406763 0.250198788813897 0.258490456656242 0.257629173996494
99 0.1 0.219278067209108 0.219655148245865 0.222486553248921 0.223223208047014
99 0.2 0.288723712005742 0.289396105971857 0.291839934391902 0.292895568277763
100 0.1 0.231501559005007 0.236198263738122 0.229516386235833 0.237896749090668
100 0.2 0.338679268948669 0.337734514798554 0.343932276302473 0.342364973709563
