1 0.1 0.0475518499150775 0.0706799443962671 0.02308197800781
1 0.2 0.0670212710808459 0.0703584782757397 0.0258973988716719
2 0.1 0.0569712065582714 0.0688931789197403 0.029666069098196
2 0.2 0.105055160676774 0.0705855627525385 0.0328072689567296
3 0.1 0.0720232052446397 0.0700808820463864 0.0462237785960805
3 0.2 0.077771310331916 0.070761973572538 0.0389400647123261
4 0.1 0.0481962923273569 0.0670849957793205 0.0249235860589554
4 0.2 0.0786620648837116 0.0676466110288885 0.0252018263538885
5 0.1 0.0413605339363751 0.0690652181348022 0.0193618833672705
5 0.2 0.0761925766438432 0.0711522235439965 0.0268750820026149
6 0.1 0.0688802195681163 0.0728193695508238 0.0413915641486351
6 0.2 0.0921044058026479 0.0749893059292739 0.0394547226899402
7 0.1 0.0504801706375369 0.0688173187922148 0.0251505077525158
7 0.2 0.0864487916832108 0.070162890816391 0.0356643303517322
8 0.1 0.0569737252091398 0.0680173569212709 0.0229385661569303
8 0.2 0.084258833451289 0.0699028573443281 0.0302587805401364
9 0.1 0.0551546518517633 0.0713841539633094 0.0240449362214182
9 0.2 0.0885521280777627 0.0729587760519594 0.0297858105824867
10 0.1 0.0479296353720787 0.0678245714186557 0.0298569077901286
10 0.2 0.081017262461742 0.0672198065331889 0.0297045543921335
11 0.1 0.0703932813810272 0.0716698560279166 0.0349141668410942
11 0.2 0.0846106548975044 0.072425253720458 0.0492129478535153
12 0.1 0.0619820078707855 0.0699013656021586 0.0243749094772472
12 0.2 0.0949837716365439 0.0714292868333005 0.0317545532002284
13 0.1 0.0537682876505425 0.0717905976685229 0.0248417271375557
13 0.2 0.0746950394750211 0.0714291869714906 0.0238028298008882
14 0.1 0.0604040382245662 0.0751149738259176 0.0437386499766626
14 0.2 0.0959316904246968 0.0724608742964346 0.0386532812926593
15 0.1 0.0466756418727798 0.0671504979430518 0.0233320801269972
15 0.2 0.0826880461596611 0.0676289809120259 0.0249788892844639
16 0.1 0.0564964588603253 0.0690088328815284 0.0228502640475058
16 0.2 0.0969095966019077 0.0693946514099432 0.0321705045892902
17 0.1 0.0587207497196134 0.0688808897871984 0.0223435186902073
17 0.2 0.0840085785928655 0.0685643704563872 0.0259843702355632
18 0.1 0.0561376937962591 0.0724280172050262 0.0390143520523905
18 0.2 0.0747751754600932 0.0724199384705721 0.0256619281246938
19 0.1 0.0498756847453786 0.0691553194408973 0.0265452197717496
19 0.2 0.0708041761854407 0.0718114821784308 0.0273706789089732
20 0.1 0.0558651652602464 0.070531704537748 0.0400758687482388
20 0.2 0.108384231252479 0.0725115123137184 0.0427424959378777
21 0.1 0.0597733942765579 0.0714821415560122 0.0260245734475159
21 0.2 0.0769936355815992 0.0745991222092863 0.0315750003623643
22 0.1 0.0752195851138244 0.0676470485167661 0.0398978607552853
22 0.2 0.0981842922426044 0.0677655039642155 0.0359041783664906
23 0.1 0.0511922873470763 0.0681764939764811 0.0382335965740483
23 0.2 0.0832588576256684 0.0679344102563764 0.0322918517000503
24 0.1 0.0542829863336273 0.0736789411276319 0.0359689879765572
24 0.2 0.116502980558468 0.0722225827139649 0.0368590453083341
25 0.1 0.057487587994655 0.0693827631658596 0.0295451368252536
25 0.2 0.285608288675283 0.0708434119396449 0.035582634685968
26 0.1 0.0481641426410283 0.0695115403378659 0.0269914266663029
26 0.2 0.0939695959289971 0.0714484253691919 0.0329577609575589
27 0.1 0.0562567308146439 0.0694233896176004 0.0327144442395858
27 0.2 0.0694279130145325 0.0700170801885134 0.032524586496478
28 0.1 0.0654133456881764 0.0677356944426923 0.0467926063454357
28 0.2 0.0697320209755023 0.071020483294604 0.0436670672780465
29 0.1 0.0645691676103847 0.0716665367040035 0.0424593942096583
29 0.2 0.0806471051998131 0.0691845093857871 0.0423110293006015
30 0.1 0.0494861069155941 0.0729867502282473 0.024871860025114
30 0.2 0.0789799866657968 0.0758818746828635 0.0296339123889252
31 0.1 0.0615364476693059 0.0713092740400849 0.0249235251943154
31 0.2 0.092257786658923 0.070350942611013 0.0305578116915748
32 0.1 0.0551931409508158 0.0691702753602785 0.0246273190884965
32 0.2 0.093275776739795 0.0689378903587385 0.0249684571690123
33 0.1 0.0646083502779608 0.0693020324548108 0.045203785253591
33 0.2 0.0766616525442117 0.0708770597696377 0.0406889908904721
34 0.1 0.0429961620526719 0.0674523336743429 0.0158088765074911
34 0.2 0.0747392209227139 0.0680361611525838 0.0198997547883934
35 0.1 0.0527387034571602 0.0687341902816927 0.0283891951393177
35 0.2 0.101615383602272 0.0686556488277462 0.032202626974813
36 0.1 0.062502662269999 0.0718623627149076 0.0272363374191057
36 0.2 0.0962673322825232 0.0735265819542566 0.0330970120685642
37 0.1 0.0596153454685056 0.0682446877133952 0.0369706179523227
37 0.2 0.0861373758032585 0.0696180764904771 0.0382630089379548
38 0.1 0.0600812365515081 0.0689888187030924 0.0364866468892132
38 0.2 0.0741604703748914 0.0685693205848582 0.0256517026922581
39 0.1 0.0710991522161694 0.0683802159719135 0.047697478405271
39 0.2 0.0799804231962108 0.0672270510457258 0.0418189115252875
40 0.1 0.0462962503518784 0.0726334432961811 0.028193801841417
40 0.2 0.0758579493931788 0.0741480989069486 0.0319100521109177
41 0.1 0.0655160480829824 0.0714025586312889 0.0431558749462586
41 0.2 0.0880601067009617 0.0707733796060962 0.0398060650279359
42 0.1 0.0748793457877018 0.070473663932246 0.0382556459059366
42 0.2 0.0968385168564382 0.0731969607797741 0.0448499685835956
43 0.1 0.0761783294979422 0.0738660361335581 0.0443970479707282
43 0.2 0.090236294599831 0.0720540929130447 0.0413808058166358
44 0.1 0.066569474350624 0.0695038655087327 0.046437998100546
44 0.2 0.0802036414075018 0.0700210259461818 0.0436854172709982
45 0.1 0.0711539178574492 0.0700313027617844 0.042650253763828
45 0.2 0.0893831941492172 0.0702134913374184 0.0406364067275044
46 0.1 0.0600114062154233 0.068834433179581 0.0241755263461691
46 0.2 0.0997386483336641 0.0695552931827312 0.0410636332954828
47 0.1 0.0611535664967638 0.0696495365091539 0.0344584482991963
47 0.2 0.0790413841699152 0.0700335127167495 0.0368716796281934
48 0.1 0.0565780220661891 0.0696052683370279 0.037766277396619
48 0.2 0.0935696632906315 0.0698680862434121 0.036627628445251
49 0.1 0.046238076979415 0.0707325225060619 0.032739072915993
49 0.2 0.0806487266751003 0.0735277074162066 0.0357626163371459
50 0.1 0.0442301788275119 0.06977623794679 0.0266780906365827
50 0.2 0.0974180976095024 0.0705709218632968 0.0317670760518082
51 0.1 0.0507581991512044 0.0684044366898878 0.0275283006615957
51 0.2 0.0731235410926242 0.068252307499252 0.0327532770665161
52 0.1 0.0554377224160992 0.0688415622547334 0.0346158343012212
52 0.2 0.0772354661631743 0.0696475854051403 0.0350887664462544
53 0.1 0.0798724874687808 0.0712157100119837 0.0551190156397563
53 0.2 0.0877350405836503 0.0737360414674382 0.0554779868573507
54 0.1 0.0580374641359682 0.0679419663156435 0.03479806797234
54 0.2 0.0831276026761595 0.0675024097474523 0.0352520503696909
55 0.1 0.0660122015210246 0.0690502475989122 0.0421395734767996
55 0.2 0.0762322739563841 0.0703608523431171 0.0465483258018432
56 0.1 0.0565680176799039 0.0730408132452231 0.0307288225874943
56 0.2 0.132153435747704 0.0740253708664664 0.0284559443989433
57 0.1 0.0587989567027444 0.0674484886014117 0.0323411347950194
57 0.2 0.077391711088983 0.0691887776327637 0.0328468822165857
58 0.1 0.0558876267961313 0.0713645966872869 0.0369839590020617
58 0.2 0.0666971209278905 0.0715735358676045 0.0389564909826557
59 0.1 0.0466948963287386 0.0688183269633388 0.0255945243331693
59 0.2 0.100981704087504 0.0686383856791218 0.0257117406171711
60 0.1 0.0572884200369819 0.0713974060894728 0.0329627222591408
60 0.2 0.0816141103455026 0.0747865954136844 0.0365821983155072
61 0.1 0.0564841535195198 0.0680708321152629 0.0305533945728231
61 0.2 0.088776758170898 0.071038755088553 0.0328471140098079
62 0.1 0.0602985056905999 0.0685766857310183 0.0321232116786423
62 0.2 0.0826285045616807 0.0688312303534259 0.0357737189158353
63 0.1 0.0550397631838891 0.0714628157437686 0.0276290028899789
63 0.2 0.0834565273231899 0.0733201833346041 0.0308050244171605
64 0.1 0.0643946935492565 0.0705418279837185 0.0276630368731338
64 0.2 0.0945070776650281 0.0721853419286401 0.0358292670549764
65 0.1 0.066503556239454 0.0701977829489403 0.0312756890169575
65 0.2 0.104168492948638 0.0714301869051148 0.0366824845745073
66 0.1 0.0593782930010405 0.0731631591511216 0.0414621458147398
66 0.2 0.0695455715056203 0.0708761682910186 0.0351900385453643
67 0.1 0.0745781391823185 0.0715957813738438 0.0337994804061788
67 0.2 0.090994357159873 0.0745544530263458 0.0338744698487896
68 0.1 0.0475528521119189 0.0734187645517831 0.0220059266986473
68 0.2 0.0885906642335137 0.0764700542954923 0.0298520440340566
69 0.1 0.0578062598387545 0.06850994788955 0.0266779545327425
69 0.2 0.0760981693760531 0.0687433806701587 0.0295292898432496
70 0.1 0.0507157526615428 0.0692484884806871 0.0254421085596582
70 0.2 0.0732164641918788 0.0680832251237092 0.0256451471023263
71 0.1 0.0569072792928141 0.0679019253769614 0.028166040310937
71 0.2 0.0816410251588085 0.0673603905684575 0.0272216316030606
72 0.1 0.0414293103168457 0.0710364881674408 0.01730819984837
72 0.2 0.0842322700727649 0.0730573373379522 0.0214916402807597
73 0.1 0.0543503762206405 0.0683120605178094 0.0246393128279123
73 0.2 0.165706286318159 0.0680113057272916 0.0292701792265681
74 0.1 0.054735287007201 0.0714754357021844 0.0281030995036597
74 0.2 0.0958210268694749 0.0715392136777207 0.0301375556755205
75 0.1 0.0420743677177203 0.0700118815561256 0.0222761594004246
75 0.2 0.0790257296557508 0.0715163864310723 0.0242003261301967
76 0.1 0.0646336777161749 0.0716538067140039 0.0276622375353558
76 0.2 0.108719396855316 0.072554512971153 0.0361642803437434
77 0.1 0.0595095995764243 0.0699438075543048 0.0349602498773922
77 0.2 0.0857806183850015 0.0695717803663061 0.0343805441734678
78 0.1 0.0579867006895142 0.0691158968119919 0.0400141507023203
78 0.2 0.0769971617803914 0.0701322540887573 0.0352300110822703
79 0.1 0.0643943542509541 0.0685644258009161 0.028100407595305
79 0.2 0.0789159667482307 0.0687220542690799 0.0308465462247465
80 0.1 0.0586491878883512 0.0683011763639762 0.0267375499235829
80 0.2 0.0825223580122064 0.0715658095613509 0.0305531723705194
81 0.1 0.0584697069627822 0.0714018840113575 0.0375981981986322
81 0.2 0.0997173334368908 0.0738227477650161 0.0354645296245416
82 0.1 0.0705706821614229 0.0688826546486485 0.0294172112369731
82 0.2 0.0827962314514933 0.0702416128792477 0.0257188888331265
83 0.1 0.0581915552654711 0.0680582676152367 0.0253618037902723
83 0.2 0.0832321202119764 0.0678070759461695 0.0325663732753693
84 0.1 0.0570790391307424 0.0684282486424487 0.0285910118464207
84 0.2 0.0893145145429615 0.0681543329877693 0.0291285017163822
85 0.1 0.0433567427822553 0.0694206472207822 0.0254536637598269
85 0.2 0.0990655891471963 0.0699407992177411 0.0260275524763953
86 0.1 0.0684002616525885 0.0717061432983433 0.0301346923317481
86 0.2 0.0899996436600738 0.0728237956575793 0.036061550905916
87 0.1 0.0518956378817595 0.0693167966521059 0.0304066418929456
87 0.2 0.0825163698565203 0.0704959668553583 0.0333863175765376
88 0.1 0.0676258890766488 0.0683307264764931 0.0431179977932511
88 0.2 0.0843617213024704 0.0693861443015596 0.0423295027172064
89 0.1 0.0607761961069771 0.0691044216597833 0.026760982432324
89 0.2 0.0907023924885625 0.070465448624597 0.0328261859589177
90 0.1 0.050348976398186 0.07085904210792 0.0323747014421208
90 0.2 0.200751096987918 0.0700572061846528 0.0294376365179189
91 0.1 0.0340907410826306 0.0674655159603737 0.0163800791362293
91 0.2 0.0694170528963569 0.0679305678442593 0.0182779232215774
92 0.1 0.0573209344759388 0.0683311278190267 0.038389774379642
92 0.2 0.0690491470343609 0.0702184587211908 0.0383080415147976
93 0.1 0.0670114806438658 0.069597324612023 0.0398447031476746
93 0.2 0.0955164380829631 0.0703341577610216 0.0371249638102457
94 0.1 0.039532289581011 0.0760652516606456 0.0215873123389428
94 0.2 0.069739511471048 0.0796338416160139 0.0270153686300814
95 0.1 0.0488959629476036 0.070306907219428 0.0240870232150978
95 0.2 0.0950417689310373 0.0703247943057412 0.0294742878364077
96 0.1 0.0567676002545392 0.0684158938855032 0.0315717915606378
96 0.2 0.0784773442899021 0.0685750610324761 0.0330974448182855
97 0.1 0.0527608669180695 0.0692827064593012 0.0227973763217129
97 0.2 0.081893596411951 0.0683687239510529 0.0260735150687761
98 0.1 0.0691653875148281 0.0718203415963308 0.0395336541242709
98 0.2 0.084475364218332 0.0723002975244839 0.0358675940489245
99 0.1 0.0685588571720902 0.0693572151291835 0.0404876120657374
99 0.2 0.0859857234605738 0.0674204068856224 0.0349660237649627
100 0.1 0.0651592119194987 0.0707735480510742 0.0288568315458881
100 0.2 0.104407906344669 0.0729678153556198 0.0347196938913173
