1 0.1 0.183865798486398 0.183795064304629 0.185559323980647 0.185740144634125
1 0.2 0.254260841532389 0.254141582336098 0.258767400409293 0.256414363068847
2 0.1 0.255257659048065 0.254857792316497 0.253937839367462 0.253338890842214
2 0.2 0.346166998777087 0.347074694592456 0.347554214853189 0.348148569610344
3 0.1 0.228674711839849 0.22853566844814 0.23087366045523 0.230592728630618
3 0.2 0.274786721947118 0.274908803634916 0.278199226315504 0.278107725467798
4 0.1 0.162691801640931 0.162441173454096 0.163941241237912 0.163753097159626
4 0.2 0.275630466352198 0.276430868437803 0.277686723900116 0.27870099764527
5 0.1 0.196765172710273 0.197204554632202 0.196177383118339 0.195864832371038
5 0.2 0.285458406242666 0.287066572480119 0.283145400601388 0.286327159327701
6 0.1 0.248892547910195 0.248106944729882 0.251360856792437 0.250711744554021
6 0.2 0.320763338871745 0.31991307523341 0.320139836340379 0.319259913297776
7 0.1 0.236907938642011 0.238190421405116 0.246179843710203 0.247880987321557
7 0.2 0.301672324324745 0.301720084453099 0.308191833252376 0.308518795233512
8 0.1 0.210742842145028 0.207872643229642 0.212185764425921 0.209672570147584
8 0.2 0.328400212594682 0.325627482743262 0.332919932666974 0.324055941902112
9 0.1 0.189078840496688 0.191543996893119 0.188220487020156 0.189940593008494
9 0.2 0.273736458570037 0.274035239985107 0.275701975672601 0.272564905527055
10 0.1 0.214307295297036 0.217355545955189 0.21455948834999 0.21755592154803
10 0.2 0.269085380421229 0.269866138653459 0.265487668218378 0.265955763655488
11 0.1 0.179539257137548 0.180633520355532 0.182541768882512 0.183716448058348
11 0.2 0.263366614219873 0.263614766223439 0.263553586866023 0.265584539806237
12 0.1 0.181561939284073 0.18192432659884 0.181179243920747 0.181372057345289
12 0.2 0.287018373453576 0.286243107037433 0.283736064285389 0.282686697975221
13 0.1 0.231638451790784 0.230936125381644 0.232134692096032 0.232078694250905
13 0.2 0.304716676949803 0.305908169003254 0.321305335143184 0.320685124124414
14 0.1 0.20237876767334 0.203068889216718 0.2033885051977 0.204118369943269
14 0.2 0.31254974303589 0.31233713141587 0.316337062111662 0.316171977446097
15 0.1 0.234751953023026 0.232991494352025 0.236637177554152 0.234655356990795
15 0.2 0.334721537992044 0.3351370327118 0.337593680715398 0.337269903029508
16 0.1 0.215910372481932 0.219829678051968 0.215025011338645 0.222906070267533
16 0.2 0.283533952601909 0.28273542384615 0.286459235128705 0.285397085449806
17 0.1 0.23955741515967 0.237561454505006 0.243707879768187 0.241375504660103
17 0.2 0.337860713966743 0.336544017736314 0.343202431525885 0.341733841977583
18 0.1 0.184352452962744 0.184297138433613 0.186861483499977 0.187073195071717
18 0.2 0.25499096261646 0.256832863988486 0.258460511420739 0.260413639756934
19 0.1 0.249698865148607 0.249471710805788 0.247319587020169 0.246890063147535
19 0.2 0.313033614413356 0.31381999282493 0.306345721962566 0.307062891677626
20 0.1 0.184845798939872 0.185179667755303 0.187703959881524 0.188547550648944
20 0.2 0.296771210997127 0.296523041350105 0.305681983406191 0.305738989292629
21 0.1 0.16963410309882 0.173039372486301 0.168991171960962 0.172788606084534
21 0.2 0.236226773267126 0.23818341056354 0.239628311665871 0.241660366350969
22 0.1 0.196794853224784 0.196555500556348 0.193681156348691 0.193454923026729
22 0.2 0.272917015173184 0.274232902754793 0.272451377104783 0.273610701677892
23 0.1 0.155729982199611 0.155429522278176 0.155357173469704 0.155028844652934
23 0.2 0.233086798327194 0.233128795111023 0.232547197768594 0.232609135841232
24 0.1 0.203370320602021 0.203735222203161 0.200446648995918 0.2008588475999
24 0.2 0.312812740486442 0.314158286339724 0.319796749503946 0.32118191492682
25 0.1 0.212466791032417 0.214575010548385 0.214865772233938 0.216712145493266
25 0.2 0.280794747192659 0.282694702597417 0.280856518688973 0.283434544583522
26 0.1 0.197428210052309 0.197642964201763 0.201451386010002 0.202386420669102
26 0.2 0.259340709064401 0.258600550597158 0.263658063953878 0.262674930712387
27 0.1 0.200215192740334 0.200330752716594 0.199471189121272 0.199421304272499
27 0.2 0.242405322262021 0.243680137206145 0.243249892813727 0.244437936068295
28 0.1 0.202389894642181 0.202332673329974 0.2013626137169 0.201171476570087
28 0.2 0.278668273160386 0.280215139214799 0.277241100533961 0.278659403071624
29 0.1 0.227420503944531 0.230849320034612 0.228671092250043 0.232099077449538
29 0.2 0.283167962627009 0.284548591192891 0.281169206049648 0.282313160964776
30 0.1 0.179352710938668 0.17905102767024 0.173652990562814 0.1735135317087
30 0.2 0.304984080097363 0.304158036106766 0.305434730059434 0.304681419601225
31 0.1 0.176757779132863 0.176014933701897 0.176106641930618 0.174841047119247
31 0.2 0.272882456524478 0.27108779876262 0.274372751522272 0.273013338548095
32 0.1 0.23045244227428 0.230813852871165 0.230897462888903 0.231121784735346
32 0.2 0.284502009957352 0.28368178771534 0.28610091806264 0.285356832948035
33 0.1 0.217596708594665 0.217619250088308 0.217453555344933 0.217478066839706
33 0.2 0.299270560089908 0.301280268982085 0.293596338041305 0.295375384975567
34 0.1 0.165813558877006 0.180460085662116 0.167077695700971 0.182806347250635
34 0.2 0.25994185047603 0.254840853497333 0.262136259541062 0.257167732477256
35 0.1 0.310299020062429 0.310497355799675 0.310162069333343 0.310417692876374
35 0.2 0.347423019276226 0.347397990298598 0.350766457234093 0.351176066014142
36 0.1 0.173907947183587 0.174503549291993 0.171998921929224 0.171702791707316
36 0.2 0.261254153934415 0.260376407521311 0.25965328059282 0.258615221002324
37 0.1 0.165322646223981 0.167377103755799 0.165782965256804 0.167791022321206
37 0.2 0.247135855518244 0.249643296551518 0.249861524010264 0.252321729171832
38 0.1 0.265960738033977 0.265776154812485 0.267640452632675 0.266139946452719
38 0.2 0.310677356605837 0.312175362965657 0.314091289367983 0.315868675455449
39 0.1 0.192620634974397 0.192521461062269 0.19751533380971 0.194348826683428
39 0.2 0.269448383460495 0.269208739490596 0.269990217736552 0.2697262151765
40 0.1 0.217660003390206 0.216801094879843 0.221420323245461 0.220706558951184
40 0.2 0.277403354851461 0.277265985627713 0.278269126499036 0.278397039582322
41 0.1 0.25333275295034 0.253656767952123 0.25106629656964 0.251781938278718
41 0.2 0.308340845896063 0.31047077637153 0.305327462722441 0.306496637069853
42 0.1 0.175542100438831 0.174267903227587 0.177545415700919 0.174069458094265
42 0.2 0.262229226147335 0.261277221711677 0.26505415957381 0.264456370020514
43 0.1 0.167033703248062 0.167691135634577 0.167859183550605 0.168535774072277
43 0.2 0.239023417637998 0.238849886215164 0.241512828767533 0.241326247419537
44 0.1 0.18903627049577 0.189117133798728 0.192622263765147 0.192841758162135
44 0.2 0.29009104718626 0.290114884869797 0.29164745675932 0.291861113933406
45 0.1 0.202201603613366 0.202006102979153 0.201010247511107 0.200699080498611
45 0.2 0.2689255679148 0.269218227184864 0.267907373652942 0.26814295024458
46 0.1 0.281359143787597 0.278254959492508 0.280363778760583 0.272220018829593
46 0.2 0.394851679290599 0.396113158262487 0.39727780288072 0.397803265836448
47 0.1 0.181617570799623 0.183037573365732 0.183331140484381 0.184943142739906
47 0.2 0.241823142806347 0.242038073520765 0.240676779649482 0.240958479622394
48 0.1 0.193962044063324 0.197088266661083 0.198588365274795 0.201877163655865
48 0.2 0.255485824945082 0.255678289214727 0.255472790743802 0.264440933860891
49 0.1 0.212035726261264 0.21204749579038 0.212284721054828 0.21613685249589
49 0.2 0.295163086585275 0.295958044447564 0.298466011513259 0.301516100382277
50 0.1 0.207612635175399 0.203572906117208 0.209051287626625 0.205261360286632
50 0.2 0.293539944502307 0.292410995274074 0.297332141277579 0.296177970870833
51 0.1 0.199285379212344 0.201239269244723 0.197480169711519 0.199392988348974
51 0.2 0.257721721940409 0.258493379810443 0.259781723018318 0.260613727620732
52 0.1 0.179771854167031 0.180000547394527 0.179949414360493 0.180240653904425
52 0.2 0.266335882275165 0.266980935272921 0.269775194232622 0.270110566354628
53 0.1 0.225906004423622 0.226083023621154 0.22567557575602 0.225821095303144
53 0.2 0.291194204257648 0.29114635458065 0.291398514115876 0.291350859350929
54 0.1 0.210057110891406 0.209985606323226 0.211976827630057 0.211982788343381
54 0.2 0.281691671979215 0.281765367477451 0.282844937963345 0.283066370565473
55 0.1 0.178550231440789 0.178612827356338 0.178391398165247 0.178498310863198
55 0.2 0.236208010996761 0.23649294510798 0.235246446783681 0.235347006007463
56 0.1 0.181773322281865 0.182709832196734 0.179289360492765 0.180282100803204
56 0.2 0.279427358237223 0.280767740248058 0.28851615253747 0.290355829290042
57 0.1 0.178694216317986 0.177602160148435 0.179803041910921 0.178750139965353
57 0.2 0.286571934602142 0.287085099678088 0.288040918663935 0.288338564091967
58 0.1 0.177985365072374 0.179180920384952 0.178949413629395 0.180027811090072
58 0.2 0.248045539060101 0.248426367949489 0.24819312800951 0.24863124141102
59 0.1 0.241960685968676 0.24128026205806 0.246146873328253 0.246006448648413
59 0.2 0.304604704971182 0.306648466763004 0.314039611518353 0.31625607381012
60 0.1 0.203893754469604 0.203489437168069 0.202699029102035 0.202204651866888
60 0.2 0.295607685428362 0.295174995562826 0.3034398424728 0.303031594852703
61 0.1 0.196112867602933 0.196493457820921 0.200116905568331 0.200634410802831
61 0.2 0.288759351993259 0.2909032994662 0.293872939200991 0.296298801829482
62 0.1 0.162914426349962 0.163705647760655 0.163232013719115 0.1641482795109
62 0.2 0.232850896142021 0.23337569048642 0.231747241357503 0.231824122099575
63 0.1 0.242154824645555 0.243402918602429 0.240663930874049 0.241417191989762
63 0.2 0.312309854023951 0.318070397649258 0.309051451545718 0.314901360501345
64 0.1 0.217010922693129 0.218009811823151 0.216479165257905 0.21730435425251
64 0.2 0.307754818082969 0.309376063063479 0.311865687085331 0.314733319814091
65 0.1 0.208896991593022 0.209850168053608 0.213290387195677 0.214319725114466
65 0.2 0.275221349440654 0.275228327223934 0.275739223383991 0.275866448132399
66 0.1 0.232090660945363 0.234088612380454 0.234549570302236 0.23661475286537
66 0.2 0.272960289818833 0.274129808337577 0.274710471025213 0.275890593212715
67 0.1 0.195655345978627 0.19610837277416 0.196308867766083 0.196721595588713
67 0.2 0.274924774102313 0.275686798672938 0.274609437559507 0.275063913579092
68 0.1 0.233877704875723 0.237612134243384 0.238406171658229 0.241040640835077
68 0.2 0.282308655816396 0.286975299036595 0.284869658269885 0.288542160524508
69 0.1 0.247093089795478 0.247127472208881 0.249206522764114 0.252102497296566
69 0.2 0.304687236376731 0.304463263418077 0.303644010009322 0.303766626558761
70 0.1 0.175708935006501 0.176887627695584 0.175819712861261 0.176738318530724
70 0.2 0.239111350070366 0.240189141555551 0.244091063902137 0.242094114952231
71 0.1 0.222286608078477 0.222055075661418 0.221695822174616 0.221811113468713
71 0.2 0.291369594417503 0.290969324210686 0.294715100181349 0.294690797185072
72 0.1 0.181338501530229 0.188317117535636 0.184398483288027 0.192599064328699
72 0.2 0.242997257681213 0.244629260552128 0.246300982123786 0.247941371436761
73 0.1 0.217543713464151 0.217456335807634 0.220026684102523 0.220755089947689
73 0.2 0.32328983797085 0.321888675143075 0.326398899801404 0.324163500688358
74 0.1 0.256155396888009 0.255259239455233 0.256866171987594 0.256016512427764
74 0.2 0.314223054978841 0.31380060826315 0.314965114783047 0.314511379853954
75 0.1 0.227636466548069 0.23168722382106 0.227302516066826 0.227238332041848
75 0.2 0.285229587279497 0.289360717853855 0.288035338458616 0.291506905628153
76 0.1 0.201860596381526 0.201524728625489 0.206400978697669 0.206440969186685
76 0.2 0.289830642542338 0.293715320909256 0.29180940931869 0.295045779418443
77 0.1 0.212748886469115 0.211231717602503 0.213226038347281 0.21110839578658
77 0.2 0.279290105638977 0.281086785754181 0.281050438663282 0.282401232753236
78 0.1 0.230886782269178 0.232120161814737 0.231935343609488 0.233521676800627
78 0.2 0.318077653601907 0.320907536584764 0.320888599461349 0.322904188445977
79 0.1 0.252494024348083 0.251308445639008 0.252849921503536 0.252517465563536
79 0.2 0.323090583027895 0.322421567848727 0.325579003092658 0.32570867323937
80 0.1 0.242039717703493 0.241783587503362 0.242233063828223 0.242160899929376
80 0.2 0.321392083839523 0.322337638264925 0.326640833365511 0.327869069571084
81 0.1 0.263283615343371 0.26354308111192 0.263923105016657 0.26447436447317
81 0.2 0.304853245637934 0.305873179776694 0.305063306283039 0.306106148548008
82 0.1 0.196123009586307 0.195361227430057 0.19584062471543 0.195080292910794
82 0.2 0.280205962068399 0.282919903342421 0.285041666395508 0.287039333694979
83 0.1 0.188339773315596 0.19209490369724 0.190190075445288 0.194133466602037
83 0.2 0.273915459429823 0.273836498489428 0.2731142412829 0.272901431002377
84 0.1 0.178180809030982 0.178196552219683 0.178379445612501 0.178431499531894
84 0.2 0.249741513414246 0.250168361187874 0.247362424885109 0.247679334661763
85 0.1 0.183093744693468 0.183784726034899 0.182905984403618 0.183785919681808
85 0.2 0.245426891549659 0.248528638957638 0.246577783815214 0.249407842186758
86 0.1 0.173583318396707 0.173309812116946 0.174393808055235 0.174210515022118
86 0.2 0.260156317952426 0.259469189322919 0.25842353910823 0.257554619507791
87 0.1 0.213877910641898 0.213272713134058 0.213981929948147 0.215590285064391
87 0.2 0.303513327548556 0.302857472668887 0.306975919356048 0.306283335976262
88 0.1 0.239850647478113 0.239943881604451 0.246134026860703 0.246470793495995
88 0.2 0.285627443488059 0.285711488332399 0.288569984996583 0.288854521906223
89 0.1 0.174711799888199 0.173455607903188 0.171765463850015 0.17052098055325
89 0.2 0.276312180612384 0.275470159844833 0.275803922583623 0.274404842438691
90 0.1 0.169677406040286 0.169738148349761 0.174409822477128 0.17539939988819
90 0.2 0.251821945551629 0.251987394886078 0.2553122722356 0.255787944742654
91 0.1 0.20274555477913 0.204697134689592 0.206211828802347 0.209746624683421
91 0.2 0.253495652374057 0.259933562566817 0.253097324275656 0.258991256049037
92 0.1 0.198106890570254 0.198108166920096 0.2024601965558 0.202828698985253
92 0.2 0.265508737165719 0.265880585278284 0.271559583791619 0.270598381431211
93 0.1 0.207524727966343 0.207581130859872 0.208896752929654 0.20895258674799
93 0.2 0.289855361934751 0.29055302695351 0.291954254173639 0.29245638559462
94 0.1 0.185191384033099 0.185279259767089 0.18735161578377 0.188038751440368
94 0.2 0.268244737725387 0.269975143815187 0.270284212779207 0.272801097162944
95 0.1 0.180952770899439 0.185196292398064 0.180761915459184 0.1850741113754
95 0.2 0.267208724729778 0.266831532469669 0.267548535929521 0.267267675457793
96 0.1 0.233073793508861 0.233351569200886 0.232601635041049 0.232266798581438
96 0.2 0.287169492479974 0.288636511089261 0.292984487646858 0.296085257088906
97 0.1 0.227433691287439 0.226545349903084 0.227708602987385 0.226896462629059
97 0.2 0.308448417340161 0.309197426920112 0.307160023153611 0.307891717583361
98 0.1 0.215758307317232 0.215249732598591 0.215667051846551 0.215492054802041
98 0.2 0.291211800096554 0.292227354961822 0.291674671589258 0.293024605105843
99 0.1 0.218865624541324 0.219285652777314 0.21902867102676 0.219640081946496
99 0.2 0.299817275011716 0.299762549217941 0.299963460300679 0.297213966112545
100 0.1 0.153137047305742 0.154770874201602 0.152224063368278 0.153403973747466
100 0.2 0.252615350393531 0.252822802305887 0.252259169885936 0.25194837571216
