1 0.1 0.263778228059712 0.00881783534202098
1 0.2 4.53930501161495 0.011326078353698
2 0.1 0.3956016375933 0.0123248489769258
2 0.2 0.627332564265882 0.0176792025220751
3 0.1 0.352411765382711 0.0110684254117796
3 0.2 1.74758737711167 0.0163181204397557
4 0.1 0.40710804941495 0.0148171180729014
4 0.2 0.704083841985578 0.0166072833364332
5 0.1 0.392447359881353 0.0120609565249718
5 0.2 4.59419412430179 0.0185495199846065
6 0.1 0.305358661626046 0.0139949158953221
6 0.2 0.736874646017631 0.0230119462347975
7 0.1 0.529594525600799 0.0081076531083747
7 0.2 0.881810749041395 0.0071391819713215
8 0.1 0.361291304802001 0.0137014901373187
8 0.2 0.53255662371418 0.0128305003326495
9 0.1 0.45182843756687 0.0109844632623391
9 0.2 0.796996057586892 0.0137731072949307
10 0.1 0.454575573210837 0.0297436546297872
10 0.2 0.845415730887729 0.0288221636360231
11 0.1 0.476410916205155 0.0144989826779124
11 0.2 3.23900543328 0.020642871543182
12 0.1 0.325749648206194 0.015188884292287
12 0.2 0.479441957749561 0.0140580592998746
13 0.1 0.272676590337999 0.0157019649746988
13 0.2 2.79606794818312 0.0175005381462139
14 0.1 0.29740851397226 0.00842305110052571
14 0.2 1.97182258943097 0.0148030394013441
15 0.1 0.369690585342361 0.010697311554797
15 0.2 0.651530879263056 0.0145680473175792
16 0.1 0.182940116657565 0.0228043050907871
16 0.2 0.304389717153567 0.0203039419929513
17 0.1 0.569231585022137 0.0102266888037689
17 0.2 0.898325798531985 0.0216267895052679
18 0.1 0.426574012512851 0.00848324133859454
18 0.2 0.437700292931819 0.0177872994892328
19 0.1 0.290365545995478 0.00774903851415468
19 0.2 0.612476756336994 0.0169288694256249
20 0.1 0.314773493234815 0.0126350569336519
20 0.2 3.27278116297443 0.0106687916005791
21 0.1 0.39927108576362 0.0230027049624994
21 0.2 0.614240861464631 0.0316745893743523
22 0.1 0.273722843908912 0.016097059454433
22 0.2 6.50752918173978 0.023849014952784
23 0.1 0.463626603059053 0.00593781962173704
23 0.2 4.96924885053491 0.00762700741504296
24 0.1 0.530379966534182 0.0568870767714418
24 0.2 0.930891508879107 0.0836701792235946
25 0.1 0.62045557909823 0.0401056408046426
25 0.2 0.610982918522174 0.0275197259931266
26 0.1 0.756583647549963 0.00516333336978626
26 0.2 0.694092467249808 0.015201441928252
27 0.1 0.417017792012194 0.0176780117876337
27 0.2 3.35170865003855 0.0190474415605245
28 0.1 0.457393540934916 0.0370845500469588
28 0.2 0.922358067541389 0.0485584816517071
29 0.1 0.616657807665221 0.00559302844384836
29 0.2 0.577893468634473 0.00591532625952484
30 0.1 0.497076958333473 0.0319992127601933
30 0.2 0.475323088364474 0.0433837129658499
31 0.1 0.231949083995593 0.0405937605711245
31 0.2 0.417516891668956 0.0493308238838546
32 0.1 0.521289809346775 0.0229661098114936
32 0.2 0.742524278509283 0.0311899560174222
33 0.1 0.398068118410418 0.0107519482622
33 0.2 3.2679781923151 0.0166969148002304
34 0.1 0.269959952136781 0.00581827022984534
34 0.2 4.87842571830614 0.0128343780034006
35 0.1 0.309704092351382 0.0352912019167893
35 0.2 0.612444655577471 0.0402037185783168
36 0.1 0.361086894250911 0.0139403748731272
36 0.2 2.88338363150449 0.0290933188641486
37 0.1 0.385472385060891 0.0130966170117797
37 0.2 1.62940669768863 0.0103196020005403
38 0.1 0.501876491492119 0.0346550068509621
38 0.2 0.49496652671628 0.0342758669500847
39 0.1 0.332527660982157 0.0146931154266991
39 0.2 0.338963254454965 0.0169578218650197
40 0.1 0.392119931597147 0.0342984392204547
40 0.2 4.89441308983445 0.0281055165374421
41 0.1 0.430047470629768 0.0286346833086741
41 0.2 0.413575682674081 0.0340502057557456
42 0.1 0.431608773649503 0.0099632195035137
42 0.2 0.434093270546824 0.0144550865804572
43 0.1 0.303902260800232 0.0090214304173321
43 0.2 0.435080619418137 0.00463336285121851
44 0.1 0.381291038396332 0.0248796506074432
44 0.2 0.378897644964675 0.0176889426224402
45 0.1 0.654609216253584 0.017853473662201
45 0.2 0.629773490383058 0.0213775019272619
46 0.1 0.295529298662046 0.0162935766234564
46 0.2 3.43361692341889 0.0289432313590202
47 0.1 0.271871216699625 0.00906592712496567
47 0.2 0.496785755705824 0.00910755470783801
48 0.1 0.395382615922055 0.0165943620503688
48 0.2 3.67615874956767 0.0199055624440991
49 0.1 0.442424052976834 0.00820392673990773
49 0.2 0.441439470217731 0.0127157132428069
50 0.1 0.376570790645949 0.00550374017273751
50 0.2 0.618566713565495 0.0101703123497391
51 0.1 0.344371218938671 0.0274255437753277
51 0.2 0.352133729426534 0.0216293905531365
52 0.1 0.552897626315279 0.013967091262391
52 0.2 0.540485374099152 0.0221210559009492
53 0.1 0.312056968281168 0.00869758490481792
53 0.2 0.570775524097402 0.0117995255174635
54 0.1 0.408339986225653 0.0145210687228896
54 0.2 1.61212301868938 0.016425116522891
55 0.1 0.350460804348764 0.0331707790450179
55 0.2 0.359483168291902 0.0250789868973565
56 0.1 0.677596514140993 0.0424437910627998
56 0.2 0.661353818293918 0.0515213989955853
57 0.1 0.498722852955638 0.0181666730132612
57 0.2 0.901544506773895 0.034777553651982
58 0.1 0.299951358276783 0.0134050607487745
58 0.2 0.297732873688403 0.0199395640507317
59 0.1 0.385472385060891 0.0130966170117797
59 0.2 1.62940669768863 0.0103196020005403
60 0.1 0.501876491492119 0.0346550068509621
60 0.2 0.49496652671628 0.0342758669500847
61 0.1 0.332527660982157 0.0146931154266991
61 0.2 0.338963254454965 0.0169578218650197
62 0.1 0.392119931597147 0.0342984392204547
62 0.2 4.89441308983445 0.0281055165374421
63 0.1 0.430047470629768 0.0286346833086741
63 0.2 0.413575682674081 0.0340502057557456
64 0.1 0.431608773649503 0.0099632195035137
64 0.2 0.434093270546824 0.0144550865804572
65 0.1 0.303902260800232 0.0090214304173321
65 0.2 0.435080619418137 0.00463336285121851
66 0.1 0.381291038396332 0.0248796506074432
66 0.2 0.378897644964675 0.0176889426224402
67 0.1 0.654609216253584 0.017853473662201
67 0.2 0.629773490383058 0.0213775019272619
68 0.1 0.295529298662046 0.0162935766234564
68 0.2 3.43361692341889 0.0289432313590202
69 0.1 0.271871216699625 0.00906592712496567
69 0.2 0.496785755705824 0.00910755470783801
70 0.1 0.395382615922055 0.0165943620503688
70 0.2 3.67615874956767 0.0199055624440991
71 0.1 0.442424052976834 0.00820392673990773
71 0.2 0.441439470217731 0.0127157132428069
72 0.1 0.376570790645949 0.00550374017273751
72 0.2 0.618566713565495 0.0101703123497391
73 0.1 0.344371218938671 0.0274255437753277
73 0.2 0.352133729426534 0.0216293905531365
74 0.1 0.552897626315279 0.013967091262391
74 0.2 0.540485374099152 0.0221210559009492
75 0.1 0.312056968281168 0.00869758490481792
75 0.2 0.570775524097402 0.0117995255174635
76 0.1 0.408339986225653 0.0145210687228896
76 0.2 1.61212301868938 0.016425116522891
77 0.1 0.350460804348764 0.0331707790450179
77 0.2 0.359483168291902 0.0250789868973565
78 0.1 0.677596514140993 0.0424437910627998
78 0.2 0.661353818293918 0.0515213989955853
79 0.1 0.498722852955638 0.0181666730132612
79 0.2 0.901544506773895 0.034777553651982
80 0.1 0.299951358276783 0.0134050607487745
80 0.2 0.297732873688403 0.0199395640507317
81 0.1 0.4728439158411 0.0149448916049869
81 0.2 0.459179919478537 0.0242790819657865
82 0.1 0.468424947762338 0.00441388559740395
82 0.2 3.6338551125729 0.00510322009950049
83 0.1 0.679057696628781 0.00965428829795335
83 0.2 0.649526042133963 0.0137340317813687
84 0.1 0.434549018141815 0.0123028260958355
84 0.2 0.7933073965946 0.0193350389970309
85 0.1 0.645473443092523 0.056675899248446
85 0.2 1.05673545860989 0.0639361262381582
86 0.1 0.337234533921006 0.0104562539592447
86 0.2 0.350618484738941 0.0165097192764713
87 0.1 0.342955767945243 0.00926354644461951
87 0.2 3.95998310215952 0.0135201169911467
88 0.1 0.284453041779551 0.0212469264273634
88 0.2 0.512989381747512 0.031732493050957
89 0.1 0.361791446833978 0.0225443150239153
89 0.2 0.615152173772473 0.0321637090970301
90 0.1 0.364215610631817 0.00506950858563422
90 0.2 3.26539056085223 0.00841774802959211
91 0.1 0.246694635970454 0.0222012867089541
91 0.2 4.12892796719889 0.0269807202627672
92 0.1 0.371851827842922 0.0295403489660201
92 0.2 0.334664046708649 0.0656842930849307
93 0.1 0.432867136471792 0.0154821882513569
93 0.2 0.661648382265452 0.012241988761711
94 0.1 0.49880579231555 0.00930441332619941
94 0.2 0.786208178406522 0.00758340518179805
95 0.1 0.464365443212482 0.00905189416132485
95 0.2 0.443595465095114 0.00983244924443598
96 0.1 0.244090751694225 0.00528237708776138
96 0.2 3.63745005845715 0.0106384154584537
97 0.1 0.411286930996114 0.0135469149681559
97 0.2 0.394333209529993 0.0164353499035336
98 0.1 0.428806140608144 0.0115615789575417
98 0.2 0.433380991529196 0.024538416448884
99 0.1 0.491292260530347 0.0186199258364171
99 0.2 0.486263510605494 0.0227446538076628
100 0.1 0.458401018706658 0.0194152545305698
100 0.2 0.440403074022835 0.0346604624110063
