1 0.1 0.604602381287194 0.608858691125683
1 0.2 0.731380383527437 0.728665794316685
2 0.1 0.825045776947085 0.825864623839801
2 0.2 0.859620111962792 0.85975574653489
3 0.1 0.639309884414881 0.637790994776438
3 0.2 0.81766987815555 0.817647577284343
4 0.1 0.841674342013872 0.848478257521179
4 0.2 0.884071071847686 0.885230627525319
5 0.1 1.19733239324005 1.19376907054663
5 0.2 1.14075212534701 1.13019612792764
6 0.1 0.752574830424896 0.754606745565184
6 0.2 0.892298080151533 0.887128307885217
7 0.1 1.08367746958793 1.08408468216688
7 0.2 1.07373073526093 1.07263210750586
8 0.1 0.669476405066973 0.669281863188432
8 0.2 0.832706838717609 0.834050672153031
9 0.1 0.965432771425412 0.964442165792806
9 0.2 0.956961523104728 0.95820447662904
10 0.1 1.05209467309797 1.05208434652109
10 0.2 1.08025378018513 1.08029447045554
11 0.1 0.743690777660841 0.745228588727845
11 0.2 0.772932777248018 0.773519295014067
12 0.1 1.011829623482 1.00568760561063
12 0.2 1.01329945759078 1.01147644273027
13 0.1 0.596084745472106 0.593774589904423
13 0.2 0.756999616082108 0.757185149213046
14 0.1 1.0170786944979 1.01293692604984
14 0.2 1.08980935222386 1.09087170260007
15 0.1 0.862153783144181 0.880931881185062
15 0.2 0.968659852477235 0.97019262984304
16 0.1 0.77848304126355 0.775543900878928
16 0.2 0.852425991213997 0.854337042373278
17 0.1 0.906264449606012 0.905198840797985
17 0.2 1.02599740638499 1.02978236171952
18 0.1 0.988216092451572 0.980752170046424
18 0.2 1.15971958975591 1.15255223651933
19 0.1 0.765569795504495 0.769438501190314
19 0.2 0.873496074270712 0.876411500227276
20 0.1 0.912401938159936 0.912293205895212
20 0.2 1.05821456307506 1.05757731351779
21 0.1 0.93098600151991 0.959232440703809
21 0.2 0.865495751719527 0.872141688280741
22 0.1 0.580819546737791 0.583863991941524
22 0.2 0.663844722614041 0.672408889572248
23 0.1 0.800944262346338 0.80075981273317
23 0.2 0.920056960888673 0.925128400962036
24 0.1 0.953663510866109 0.951114107339244
24 0.2 0.936075968759182 0.934899823955817
25 0.1 0.731914094814482 0.734524405592935
25 0.2 0.901705384137286 0.906784619781805
26 0.1 0.866842370379281 0.867400841381428
26 0.2 0.985027886434113 0.983842605470193
27 0.1 0.852049150021674 0.848822142366394
27 0.2 0.95903667760648 0.962848448568309
28 0.1 1.07554175986146 1.0728773417441
28 0.2 1.08158853238925 1.0808566309504
29 0.1 0.753805936252842 0.759369264026999
29 0.2 0.810218700667797 0.810811647601984
30 0.1 1.29007504594935 1.28803218235002
30 0.2 1.23636854672976 1.23906663137636
31 0.1 0.823448818335502 0.82234910739564
31 0.2 0.936505872558981 0.935148156696314
32 0.1 0.771480923138554 0.771631533319402
32 0.2 0.8870436143853 0.880105305205307
33 0.1 0.673558158249853 0.669286043455354
33 0.2 0.800219820895303 0.798780504286847
34 0.1 0.770070789754513 0.771436234609265
34 0.2 0.893324307960027 0.892895884438403
35 0.1 0.768161651644934 0.754334415143887
35 0.2 0.888704543325487 0.877270279984003
36 0.1 0.636872634760298 0.64140515301913
36 0.2 0.877854237425889 0.878925866595521
37 0.1 0.898730745063895 0.89780846752423
37 0.2 1.01911777949919 1.01778133082695
38 0.1 0.85051089625442 0.850781889062726
38 0.2 0.826203332124655 0.826315312094344
39 0.1 0.916477059373318 0.917725343423676
39 0.2 0.915138894696593 0.91627036956346
40 0.1 0.561427519840012 0.565137147268244
40 0.2 0.799255544660795 0.800235092870306
41 0.1 0.923951345998023 0.934187442454582
41 0.2 1.11079402245943 1.11082368993498
42 0.1 0.832432966402744 0.835611033266164
42 0.2 0.882931813795274 0.883640985839079
43 0.1 0.958901128157197 0.959269919944581
43 0.2 1.06141128553058 1.06115061156464
44 0.1 0.81488233065908 0.815405591812729
44 0.2 0.927499909852322 0.927615462924208
45 0.1 0.758359927913787 0.763223367410196
45 0.2 0.898438615565543 0.898328431354474
46 0.1 0.74551290039553 0.744436568303794
46 0.2 0.97912573624085 0.97889677711559
47 0.1 0.854646826602362 0.854749175486088
47 0.2 0.925347610801932 0.929720993585805
48 0.1 0.627096383191658 0.626165491086541
48 0.2 0.769133672151109 0.769331980145237
49 0.1 0.632510409302302 0.637118491423811
49 0.2 0.742962724872847 0.748107147238744
50 0.1 0.900339262180402 0.900668416795089
50 0.2 0.946410503206924 0.946473429038286
51 0.1 1.03507021162654 1.03779434479301
51 0.2 1.14310777751295 1.14139728643097
52 0.1 0.553533117084576 0.555288272730098
52 0.2 0.703563509586694 0.705547143587106
53 0.1 0.932634835347696 0.931902546736958
53 0.2 0.965711110611129 0.967557134044378
54 0.1 1.1425602212493 1.14315766076726
54 0.2 1.11076304914365 1.11079238594607
55 0.1 0.54448248142015 0.544702201615698
55 0.2 0.705651950976453 0.705772524319286
56 0.1 0.692764304957916 0.692656563160439
56 0.2 0.843399265197938 0.843159667819388
57 0.1 0.866575645991275 0.867637719321392
57 0.2 0.972099565775046 0.970148130425195
58 0.1 1.13374887216687 1.13134511519255
58 0.2 1.12624076763401 1.13015728961132
59 0.1 0.898730745063895 0.89780846752423
59 0.2 1.01911777949919 1.01778133082695
60 0.1 0.85051089625442 0.850781889062726
60 0.2 0.826203332124655 0.826315312094344
61 0.1 0.916477059373318 0.917725343423676
61 0.2 0.915138894696593 0.91627036956346
62 0.1 0.561427519840012 0.565137147268244
62 0.2 0.799255544660795 0.800235092870306
63 0.1 0.923951345998023 0.934187442454582
63 0.2 1.11079402245943 1.11082368993498
64 0.1 0.832432966402744 0.835611033266164
64 0.2 0.882931813795274 0.883640985839079
65 0.1 0.958901128157197 0.959269919944581
65 0.2 1.06141128553058 1.06115061156464
66 0.1 0.81488233065908 0.815405591812729
66 0.2 0.927499909852322 0.927615462924208
67 0.1 0.758359927913787 0.763223367410196
67 0.2 0.898438615565543 0.898328431354474
68 0.1 0.74551290039553 0.744436568303794
68 0.2 0.97912573624085 0.97889677711559
69 0.1 0.854646826602362 0.854749175486088
69 0.2 0.925347610801932 0.929720993585805
70 0.1 0.627096383191658 0.626165491086541
70 0.2 0.769133672151109 0.769331980145237
71 0.1 0.632510409302302 0.637118491423811
71 0.2 0.742962724872847 0.748107147238744
72 0.1 0.900339262180402 0.900668416795089
72 0.2 0.946410503206924 0.946473429038286
73 0.1 1.03507021162654 1.03779434479301
73 0.2 1.14310777751295 1.14139728643097
74 0.1 0.553533117084576 0.555288272730098
74 0.2 0.703563509586694 0.705547143587106
75 0.1 0.932634835347696 0.931902546736958
75 0.2 0.965711110611129 0.967557134044378
76 0.1 1.1425602212493 1.14315766076726
76 0.2 1.11076304914365 1.11079238594607
77 0.1 0.54448248142015 0.544702201615698
77 0.2 0.705651950976453 0.705772524319286
78 0.1 0.692764304957916 0.692656563160439
78 0.2 0.843399265197938 0.843159667819388
79 0.1 0.866575645991275 0.867637719321392
79 0.2 0.972099565775046 0.970148130425195
80 0.1 1.13374887216687 1.13134511519255
80 0.2 1.12624076763401 1.13015728961132
81 0.1 0.923818335740749 0.924204831815573
81 0.2 1.07142036419117 1.07384228209046
82 0.1 1.24959493785755 1.24659922695968
82 0.2 1.13488313496325 1.14025126980221
83 0.1 0.781380978373682 0.787011344367188
83 0.2 0.987321829808172 0.983173314695111
84 0.1 1.15803458964359 1.1577769650861
84 0.2 1.1669798737573 1.16129132048908
85 0.1 0.840771098216198 0.845341703652164
85 0.2 0.859770165717557 0.861975975947768
86 0.1 0.805989353492042 0.805693008344506
86 0.2 0.860192744630805 0.859072868199882
87 0.1 0.639397652250315 0.639376654478892
87 0.2 0.836979523702817 0.844525788391928
88 0.1 1.12927224722499 1.11710878149143
88 0.2 1.12251341276147 1.12050260054503
89 0.1 0.845163067751074 0.840567460201304
89 0.2 0.887547329773783 0.888974178218377
90 0.1 0.787308919773986 0.789930884406609
90 0.2 0.921010371661541 0.926623183807589
91 0.1 0.723298086045168 0.717482621261699
91 0.2 0.849765518398285 0.845606267236421
92 0.1 0.876589118302069 0.874563185940338
92 0.2 1.00688204587372 1.00734557403797
93 0.1 1.12594119007749 1.1240593090205
93 0.2 1.01833392473067 1.01837365080166
94 0.1 0.711848551796508 0.703205665054371
94 0.2 0.83031112306107 0.824755145975568
95 0.1 0.889541167697432 0.894288849409781
95 0.2 0.920482208275273 0.92325945994032
96 0.1 0.902449706292406 0.902913058812303
96 0.2 0.982379370486403 0.981735005950291
97 0.1 1.06058256313301 1.06029601303359
97 0.2 0.996561672964439 0.995797253082242
98 0.1 0.841791981011793 0.84684382197955
98 0.2 0.994148918669871 0.995763766940341
99 0.1 0.835010195578545 0.837617830063699
99 0.2 1.00993831241194 1.01240261205302
100 0.1 0.938709354583667 0.950718082893622
100 0.2 1.11594675197452 1.1189439236917
