1 0.1 1.94660212924827 1.24774754772307 2.03813654136705 1.50561320496167
1 0.2 2.35739118022449 1.23852200158891 2.98632234279277 1.50333958332913
2 0.1 2.27870663013332 1.44884154998589 2.29928695958122 1.65132308578261
2 0.2 2.49422019462016 1.49797265264848 2.56933272145387 1.65496362243037
3 0.1 2.08424197472148 1.35380441075988 2.09314621749978 1.50151329060777
3 0.2 2.59022441308443 1.3605356363504 2.69002907768202 1.49911560331733
4 0.1 2.21517653190621 1.50943978380392 2.23460076171928 1.66705528815851
4 0.2 2.43945939862419 1.52074778019803 2.47489697327023 1.6775062787032
5 0.1 2.36031901115761 1.69447816342083 2.39682665953334 1.81180764037111
5 0.2 2.79616700383678 1.71830447533032 3.39912671052765 1.81919609849226
6 0.1 2.14504909067099 1.42314720071583 2.15940149088165 1.59988670264293
6 0.2 2.52130961234313 1.48610091112156 2.5170603984495 1.62902380475346
7 0.1 2.50674281059603 1.66556397344176 2.53607425423925 1.89107642404003
7 0.2 2.8207540976848 1.6494575685352 2.81881012948353 1.87201461542914
8 0.1 2.2859833804745 1.57061961409002 2.28877304810387 1.68880202461561
8 0.2 2.42513496998475 1.58252155838835 2.45407409926003 1.68952206312069
9 0.1 2.46623510436087 1.4713776759904 2.41591090794602 1.69097728878442
9 0.2 2.71482084023839 1.47032808092832 2.69592634718426 1.68871868999323
10 0.1 2.38789855731613 1.59416340578731 2.43420842861707 1.77013594627283
10 0.2 2.66578471819213 1.59015399753435 2.72835054493932 1.76626954388191
11 0.1 2.26888077161661 1.3982697627885 2.3218277602417 1.64936950350491
11 0.2 2.3853654355799 1.39751255194667 2.93240188779035 1.6518952363758
12 0.1 2.20204430463674 1.51604485836303 2.26898322202129 1.74845987885984
12 0.2 2.37058587606111 1.55229317423455 2.42853147132929 1.7404905683975
13 0.1 1.98868581108966 1.31401210158473 2.01964809791679 1.50293323775938
13 0.2 2.59926344811615 1.34117595647328 2.9257285454033 1.51744211877774
14 0.1 2.28460586244425 1.5606984331092 2.37027054441505 1.76391779479952
14 0.2 2.90661038858375 1.57854400440861 3.13653101790023 1.7732622872093
15 0.1 2.21656987807964 1.53225598486322 2.24566661814847 1.64120091590464
15 0.2 2.51197062495112 1.55369258438849 2.51805407952643 1.66006706405918
16 0.1 1.92667478760528 1.51622661136229 2.00266543421111 1.6481543674991
16 0.2 2.05372105025136 1.55337189806832 2.16531486585167 1.67498947062202
17 0.1 2.5029139921555 1.65181188879661 2.45522067555393 1.76665784744453
17 0.2 2.81114969657914 1.72929559248075 2.82158187067122 1.83459331146162
18 0.1 2.49129872611766 1.5822038281294 2.47020231289305 1.71124089586525
18 0.2 2.61338099319592 1.59282847320737 2.56780300055986 1.71528752802864
19 0.1 2.13784341014501 1.40960447161085 2.23653861083492 1.65621990629397
19 0.2 2.44228120303067 1.45228504369836 2.6045801206807 1.67551315500099
20 0.1 2.16034549684105 1.50518425901281 2.27696848468171 1.78826206000256
20 0.2 2.59974271803129 1.51865004626231 3.14344152022681 1.78492199644444
21 0.1 2.27537840838559 1.74541785865408 2.38633165868865 1.98164820536154
21 0.2 2.54373629919006 1.68867599109736 2.64143542298062 1.86514121570392
22 0.1 1.98898139295689 1.37345569051298 2.04374934575944 1.52201987181368
22 0.2 2.55113102583046 1.38403256008706 2.93236839742466 1.52894658174977
23 0.1 2.35497751581875 1.56933532894608 2.39737945165601 1.82469838030065
23 0.2 2.65142009536766 1.51811149167687 3.17019339885117 1.83588346902831
24 0.1 2.40815650838009 1.54456486394356 2.44754906977533 1.69123212262298
24 0.2 2.71430420489434 1.58621616949771 2.7342732451657 1.71283857189654
25 0.1 2.51938177512192 1.52482557737807 2.46622945593842 1.69853665977105
25 0.2 2.62631672279467 1.56937610647679 2.54700046076145 1.70052553004538
26 0.1 2.7778062005321 1.60734770259579 2.72092292739392 1.78697588846726
26 0.2 2.82319104165279 1.64382838914192 2.76948381377705 1.79833172662012
27 0.1 2.32443077320809 1.53326503600869 2.34413971163597 1.75408716898535
27 0.2 2.53615453211893 1.54305872657383 3.07136650112023 1.76051037800792
28 0.1 2.45068369481755 1.67786669018105 2.487492517585 1.81512569261707
28 0.2 2.85889711180893 1.71854031583692 2.859534348456 1.82467973097821
29 0.1 2.4841951960212 1.59781453494517 2.54668015399672 1.82114531459289
29 0.2 2.52218111013088 1.63792534612683 2.56681505170591 1.82122126225804
30 0.1 2.37295098241196 1.52747419938436 2.37163108278881 1.68902030566807
30 0.2 2.44408382426038 1.53637042696707 2.44151119201771 1.68613930775245
31 0.1 2.08298917512493 1.49083109261646 2.13917116730616 1.65584526474173
31 0.2 2.25292557185965 1.51262052840259 2.34468483787809 1.67134935481929
32 0.1 2.57202651016658 1.77365304032834 2.64319364566014 1.94756071432549
32 0.2 2.8227516437258 1.77429763366444 2.88075806332908 1.94991770325239
33 0.1 2.22267716813292 1.4050100352499 2.3097509410353 1.67007982728873
33 0.2 2.98463243866484 1.3970140926883 3.18605840150465 1.67725518261875
34 0.1 1.90718213386611 1.32969552812046 2.06679102585435 1.55663808560291
34 0.2 2.53754317554116 1.40084334996782 3.14100707781192 1.54199710983347
35 0.1 2.24315828595014 1.60110687281628 2.27302843810369 1.83572059126874
35 0.2 2.51562260162827 1.59766055085799 2.52253679512694 1.83006753578997
36 0.1 2.07638170927578 1.44641785383352 2.18049562725183 1.72420252940941
36 0.2 2.35762181637147 1.48628943659991 2.8509418683196 1.74530049489392
37 0.1 2.30261600752538 1.63225071155035 2.35985921464289 1.79034495610704
37 0.2 2.72547130169432 1.58197052222114 2.91780137011432 1.78990556424477
38 0.1 2.32649181966627 1.45007575421066 2.34088048195269 1.62079985428946
38 0.2 2.36821484014231 1.44693588720799 2.37059541700804 1.61826992634781
39 0.1 2.22565868828508 1.5415363336783 2.26824119809675 1.69599907354376
39 0.2 2.31143586127833 1.57048388685888 2.33486040953372 1.69802317447888
40 0.1 2.26646435707844 1.51796616021184 2.29114540837697 1.63748874361646
40 0.2 2.71909559790617 1.50973508421037 3.20819262135835 1.63393271510107
41 0.1 2.32051671432803 1.50730505222495 2.34530029524065 1.66776478172165
41 0.2 2.39651201881511 1.51296887379203 2.41490231076753 1.66983302592852
42 0.1 2.28126416247759 1.46506734538147 2.26586236191765 1.60394121432737
42 0.2 2.35489741162254 1.46989123268205 2.32031985449739 1.60118853612817
43 0.1 2.24232058672199 1.5948301649142 2.29082642277246 1.76541410800857
43 0.2 2.45045978405683 1.59593719964505 2.54417783928976 1.76488939453947
44 0.1 2.26802995729572 1.55282661122663 2.27812743034212 1.6099487428191
44 0.2 2.32545685117817 1.54066792788926 2.32308257848478 1.61566496647058
45 0.1 2.54137085466369 1.69189399713293 2.48299208113142 1.88675015525988
45 0.2 2.61450098652079 1.6055287898345 2.54485426728863 1.75898567015525
46 0.1 2.01851805269523 1.278978644247 2.06883551811049 1.52538667226142
46 0.2 2.44749157419789 1.30491252229657 3.01331292880316 1.52589226641417
47 0.1 2.1896318807871 1.47074354548075 2.25820716281307 1.64171294851127
47 0.2 2.48242177109838 1.46204771758745 2.55582082103331 1.65588366536595
48 0.1 2.23905641191211 1.4190657703751 2.23330290403375 1.62747858742131
48 0.2 2.48771844576981 1.42249215992606 3.13355603184313 1.61261771383302
49 0.1 2.20232675270483 1.2641013212544 2.14063837721848 1.43661309542329
49 0.2 2.26605893699399 1.27181622699479 2.20515081433119 1.43315002486852
50 0.1 2.24758877832811 1.50134833279357 2.26733525344456 1.67145332159598
50 0.2 2.46649112914962 1.50829970219836 2.54493982902111 1.67074745724184
51 0.1 2.27236108497919 1.44463135512435 2.26990091066985 1.66078244060613
51 0.2 2.38977589384243 1.47728359475306 2.37536475919566 1.66060769903459
52 0.1 2.34408394295994 1.41272093848903 2.34316970689013 1.5905642449122
52 0.2 2.39867123456333 1.41343873690541 2.38598727189432 1.5996214136507
53 0.1 2.20528813509538 1.52708514168199 2.25220925079722 1.68733549765036
53 0.2 2.43550713250234 1.53903538324521 2.49566874324729 1.68837793967855
54 0.1 2.23837106865313 1.53609249614936 2.2833237448927 1.76613128152352
54 0.2 3.04625259058896 1.53475198355387 3.1512527214755 1.76562537687521
55 0.1 2.14096703290796 1.43445217623491 2.10689981623525 1.54157686033686
55 0.2 2.20549419029181 1.4363833749699 2.1527540683994 1.54206728278172
56 0.1 2.5473914026536 1.55792208014558 2.53930003980163 1.70755689646867
56 0.2 2.62262651906009 1.58298611321909 2.60667170920913 1.71818191550659
57 0.1 2.43769195833759 1.63814760678334 2.51791683072386 1.82191627941319
57 0.2 2.76952942961115 1.64459612312334 2.8555184423327 1.82827560981191
58 0.1 2.14121317233917 1.42949665921233 2.16203468963122 1.66278867983279
58 0.2 2.21571345235933 1.51618750407663 2.22971805812221 1.64797982356841
59 0.1 2.30261600752538 1.63225071155035 2.35985921464289 1.79034495610704
59 0.2 2.72547130169432 1.58197052222114 2.91780137011432 1.78990556424477
60 0.1 2.32649181966627 1.45007575421066 2.34088048195269 1.62079985428946
60 0.2 2.36821484014231 1.44693588720799 2.37059541700804 1.61826992634781
61 0.1 2.22565868828508 1.5415363336783 2.26824119809675 1.69599907354376
61 0.2 2.31143586127833 1.57048388685888 2.33486040953372 1.69802317447888
62 0.1 2.26646435707844 1.51796616021184 2.29114540837697 1.63748874361646
62 0.2 2.71909559790617 1.50973508421037 3.20819262135835 1.63393271510107
63 0.1 2.32051671432803 1.50730505222495 2.34530029524065 1.66776478172165
63 0.2 2.39651201881511 1.51296887379203 2.41490231076753 1.66983302592852
64 0.1 2.28126416247759 1.46506734538147 2.26586236191765 1.60394121432737
64 0.2 2.35489741162254 1.46989123268205 2.32031985449739 1.60118853612817
65 0.1 2.24232058672199 1.5948301649142 2.29082642277246 1.76541410800857
65 0.2 2.45045978405683 1.59593719964505 2.54417783928976 1.76488939453947
66 0.1 2.26802995729572 1.55282661122663 2.27812743034212 1.6099487428191
66 0.2 2.32545685117817 1.54066792788926 2.32308257848478 1.61566496647058
67 0.1 2.54137085466369 1.69189399713293 2.48299208113142 1.88675015525988
67 0.2 2.61450098652079 1.6055287898345 2.54485426728863 1.75898567015525
68 0.1 2.01851805269523 1.278978644247 2.06883551811049 1.52538667226142
68 0.2 2.44749157419789 1.30491252229657 3.01331292880316 1.52589226641417
69 0.1 2.1896318807871 1.47074354548075 2.25820716281307 1.64171294851127
69 0.2 2.48242177109838 1.46204771758745 2.55582082103331 1.65588366536595
70 0.1 2.23905641191211 1.4190657703751 2.23330290403375 1.62747858742131
70 0.2 2.48771844576981 1.42249215992606 3.13355603184313 1.61261771383302
71 0.1 2.20232675270483 1.2641013212544 2.14063837721848 1.43661309542329
71 0.2 2.26605893699399 1.27181622699479 2.20515081433119 1.43315002486852
72 0.1 2.24758877832811 1.50134833279357 2.26733525344456 1.67145332159598
72 0.2 2.46649112914962 1.50829970219836 2.54493982902111 1.67074745724184
73 0.1 2.27236108497919 1.44463135512435 2.26990091066985 1.66078244060613
73 0.2 2.38977589384243 1.47728359475306 2.37536475919566 1.66060769903459
74 0.1 2.34408394295994 1.41272093848903 2.34316970689013 1.5905642449122
74 0.2 2.39867123456333 1.41343873690541 2.38598727189432 1.5996214136507
75 0.1 2.20528813509538 1.52708514168199 2.25220925079722 1.68733549765036
75 0.2 2.43550713250234 1.53903538324521 2.49566874324729 1.68837793967855
76 0.1 2.23837106865313 1.53609249614936 2.2833237448927 1.76613128152352
76 0.2 3.04625259058896 1.53475198355387 3.1512527214755 1.76562537687521
77 0.1 2.14096703290796 1.43445217623491 2.10689981623525 1.54157686033686
77 0.2 2.20549419029181 1.4363833749699 2.1527540683994 1.54206728278172
78 0.1 2.5473914026536 1.55792208014558 2.53930003980163 1.70755689646867
78 0.2 2.62262651906009 1.58298611321909 2.60667170920913 1.71818191550659
79 0.1 2.43769195833759 1.63814760678334 2.51791683072386 1.82191627941319
79 0.2 2.76952942961115 1.64459612312334 2.8555184423327 1.82827560981191
80 0.1 2.14121317233917 1.42949665921233 2.16203468963122 1.66278867983279
80 0.2 2.21571345235933 1.51618750407663 2.22971805812221 1.64797982356841
81 0.1 2.37837740251139 1.55239482158904 2.39798046869706 1.74193957414175
81 0.2 2.46035251906994 1.5506906998203 2.46061067908945 1.74980584636171
82 0.1 2.42482923220204 1.56964324465634 2.43044751082271 1.79125428782037
82 0.2 2.5692678083684 1.52454991344719 3.07991986827707 1.78688844837592
83 0.1 2.65024016681396 1.56646071031278 2.5874768599023 1.7828924813227
83 0.2 2.70956081459632 1.53974011484811 2.63379267605321 1.78714164164716
84 0.1 2.44846113983464 1.57310684400705 2.43404283138853 1.71316460895127
84 0.2 2.83650255005346 1.57017276221256 2.76425736717362 1.7171200718906
85 0.1 2.47700096826081 1.49790148797923 2.39875023332241 1.63323070538493
85 0.2 2.75840987404621 1.48952632292976 2.69869684479821 1.63732320752929
86 0.1 2.15440342041453 1.52178402786345 2.20045168021481 1.68011031113188
86 0.2 2.23530528666572 1.5189639700488 2.26486946358801 1.68015505817072
87 0.1 2.12613813495273 1.52057371803445 2.26169207714651 1.73553756676724
87 0.2 2.65730618438494 1.49865940482836 3.42363799869646 1.72531439784745
88 0.1 2.18857192767762 1.43960837504896 2.26240948539677 1.73515388074405
88 0.2 2.46466596639563 1.41893826059909 2.53724423768891 1.74000612559406
89 0.1 2.20486588566117 1.46343143632686 2.18896779835561 1.65325205945126
89 0.2 2.45088045556172 1.46492739373188 2.52544997649243 1.64932719663051
90 0.1 2.02377123737366 1.44344370476286 2.16680155964129 1.6770587620009
90 0.2 2.38895546001146 1.44602151134661 2.88045019737598 1.68260019254385
91 0.1 2.01478712489986 1.38010486615196 2.08754413790935 1.597985206515
91 0.2 2.38382453733419 1.36474552334631 2.94988759506135 1.60774585957806
92 0.1 2.32503930704206 1.65389334854591 2.35916978875862 1.79740158203739
92 0.2 2.36908909931529 1.63180995394756 2.39744779089155 1.8010968506485
93 0.1 2.28797886747183 1.50004894971207 2.27119962312452 1.71017033070957
93 0.2 2.55301968564837 1.53788491976604 2.58324800178451 1.69330820086354
94 0.1 2.36367940525513 1.59767465517693 2.38095618609354 1.77305914623549
94 0.2 2.5936307986826 1.56452252032865 2.65216581915753 1.77381054553692
95 0.1 2.24649205105803 1.45832390911133 2.28415457187167 1.66345567534395
95 0.2 2.2871931322551 1.46476477284687 2.31025115976555 1.66400126799518
96 0.1 2.08258166902794 1.55560953181798 2.19567429596332 1.77605264868679
96 0.2 2.43140017317827 1.55504299665372 3.06436844272797 1.78119881126249
97 0.1 2.16958487859055 1.4469151677125 2.18257982944966 1.59096074840991
97 0.2 2.21455118616024 1.45607871483396 2.21813330422716 1.58772721209452
98 0.1 2.3575703947964 1.59657351537934 2.36235217255954 1.75125793999417
98 0.2 2.44141479508771 1.62784312884698 2.44307401022091 1.75296505987665
99 0.1 2.4833378273966 1.64255461816056 2.52352449448392 1.81006691308657
99 0.2 2.54952411622578 1.64065253868535 2.57872092021858 1.81734946822216
100 0.1 2.3345197741733 1.55327590996077 2.33589000822723 1.69585741489307
100 0.2 2.41382681684081 1.64861261365994 2.40191571727185 1.79314434045604
