1 0.1 0.24844994885744 0.0890017134862053
1 0.2 0.268752700611278 0.100743787891793
2 0.1 0.478136999828546 0.0582194479359699
2 0.2 0.503541954404019 0.0572805360168079
3 0.1 1.31226837898316 0.755039074793732
3 0.2 1.29869992349031 1.92194550634986
4 0.1 0.752337703958689 0.0700342156560978
4 0.2 1.01426298854098 0.0797728101520304
5 0.1 0.641509133935425 0.0392293682740714
5 0.2 1.55728741390806 0.0943036231027335
6 0.1 0.612362588100835 0.151442477197727
6 0.2 0.556007993966728 0.0790607526609067
7 0.1 0.885221182981819 0.131866948158136
7 0.2 0.836255229854371 0.0970985709875687
8 0.1 0.279138189788543 0.0774405927908312
8 0.2 0.313434726105373 0.105587066369153
9 0.1 0.248817207932011 0.0714896114075799
9 0.2 0.234109143334046 0.0790321668834854
10 0.1 0.969807683989541 0.0755273700174875
10 0.2 0.711773300225565 0.170543027704592
11 0.1 0.323734978369017 0.149796627397403
11 0.2 3.93987794395407 0.139993868551417
12 0.1 0.705191240454684 0.084929490582863
12 0.2 0.684815441874745 0.107841173058102
13 0.1 0.759962559642292 0.142391660450018
13 0.2 0.73750135384999 0.142241282568017
14 0.1 0.376200329655861 0.2014863771154
14 0.2 0.659354408631317 0.751718617454941
15 0.1 0.455690057993951 0.140500278658682
15 0.2 0.214060061629318 0.105465596226112
16 0.1 0.854374147869676 0.154763084660972
16 0.2 2.91114484995588 0.171292966345132
17 0.1 4.52761735427298 0.239767106233864
17 0.2 3.64845211254005 0.743793681723234
18 0.1 0.465034395844417 0.143046116853049
18 0.2 0.446368207881681 0.228646297159777
19 0.1 0.557688959334652 0.0852579743853624
19 0.2 0.571857052560961 0.108002611751758
20 0.1 0.33643756326097 0.0552656024897855
20 0.2 1.45518264219582 0.0675648982185845
21 0.1 0.164774043012605 0.0649920925127255
21 0.2 0.181082376991648 0.114182557270493
22 0.1 1.42639198058393 0.16805651377547
22 0.2 1.35291722917198 0.0552501359473499
23 0.1 0.428090222917882 0.123641904804308
23 0.2 0.442426419731611 0.125310558465135
24 0.1 0.121789333532515 0.109395587971031
24 0.2 0.209375972742763 0.147236074015696
25 0.1 0.868395104528166 0.0926138541826868
25 0.2 0.900730583254679 0.126970920058685
26 0.1 0.737364502884551 0.814092388889191
26 0.2 0.985245949818563 0.225091000031733
27 0.1 0.0926204610382057 0.0639934825665975
27 0.2 2.48273596915568 0.0852558184184873
28 0.1 0.383265350705721 0.200679041958366
28 0.2 0.599437811400654 0.0349236851152324
29 0.1 1.98639794073578 0.151129092421915
29 0.2 2.1509979113716 0.129621898532388
30 0.1 0.96458236170709 0.382044983816937
30 0.2 3.42223690897599 0.442127029105531
31 0.1 0.719686299123154 0.232469518008002
31 0.2 0.636784355991794 0.504568529658784
32 0.1 0.536376885946779 0.0843427829724752
32 0.2 3.08121318938096 0.107747175008807
33 0.1 0.313030719110648 0.132817901694228
33 0.2 0.415769172245448 0.143104005089811
34 0.1 0.255990649168474 0.0938397417848945
34 0.2 0.26768695841051 0.0862392563098246
35 0.1 1.05279422064858 0.138585775985888
35 0.2 5.32875462685337 0.053218879768887
36 0.1 0.460338130164812 0.127423725395943
36 0.2 0.483310351532765 0.161858435002112
37 0.1 0.289352569363381 0.108755238942804
37 0.2 2.14659813742231 0.119074990026316
38 0.1 0.664037428151787 0.0634803696378097
38 0.2 0.670228428322775 0.0742174845568795
39 0.1 0.806159848664926 0.230276901339539
39 0.2 0.788884223147125 0.140612860579093
40 0.1 0.0811657900283458 0.0781137781349649
40 0.2 0.118514315423532 0.046662063015007
41 0.1 0.335408005346644 0.147722913914139
41 0.2 0.586974825167805 0.114481493011641
42 0.1 0.426237308296585 0.177564619570842
42 0.2 0.42551228006806 0.0992194786080441
43 0.1 0.236006075104243 0.0722319042306468
43 0.2 4.35852648771967 0.202749969479417
44 0.1 0.384667165430087 0.0203156900630267
44 0.2 4.15682065999253 0.0334752792506744
45 0.1 0.234594511703576 0.087657815262148
45 0.2 0.431703168905068 0.101346630915178
46 0.1 0.685336315568884 0.0720083141593411
46 0.2 2.08394792437771 0.0632408052876471
47 0.1 1.29888212300769 0.0570544625755761
47 0.2 1.28560306251688 0.0607460727515267
48 0.1 0.152807573589397 0.0658585178173047
48 0.2 0.308732160872827 0.0574488856683611
49 0.1 0.267470046383161 0.150595509505322
49 0.2 3.1376569403571 0.0870476844216794
50 0.1 0.0987028827558571 0.0984090421229473
50 0.2 0.218105198488784 0.0974945098626236
51 0.1 0.13208629196242 0.0895842390064684
51 0.2 0.172441002165887 0.110771198580623
52 0.1 0.171337455487956 0.0751764770092009
52 0.2 0.185048297316628 0.1593145100597
53 0.1 0.581598588262966 0.0573804078506753
53 0.2 1.36435946993283 0.0575778539073595
54 0.1 0.49770789406031 0.17218973389977
54 0.2 0.952818795054543 0.166542302913191
55 0.1 0.88979974068081 0.124736625595382
55 0.2 0.769966565429104 0.160868434057915
56 0.1 0.299116782313363 0.0578734532907047
56 0.2 0.612414790372832 0.0896464061516713
57 0.1 0.641562392154331 0.0806108903508681
57 0.2 0.574505917925351 0.0993558093523892
58 0.1 0.568955569086941 0.130927708919082
58 0.2 0.550607479316673 0.0969896434839726
59 0.1 0.908953777280609 0.0440544068780769
59 0.2 0.824130739297046 0.0708294040267914
60 0.1 0.44968261008596 0.0406630942482786
60 0.2 0.460771065204924 0.0805413542517421
61 0.1 0.763207586007025 0.288490683229831
61 0.2 0.538944380410539 0.255813380360701
62 0.1 0.287693141872046 0.121585597559215
62 0.2 0.583484441614083 0.165537466711118
63 0.1 0.313593845604634 0.0940357838715414
63 0.2 2.34079301905633 0.198876225652249
64 0.1 0.651256853347358 0.110936588979536
64 0.2 4.34748627577401 0.140204577811877
65 0.1 0.334506393714481 0.0579645276668907
65 0.2 0.731209120760414 0.104241097477146
66 0.1 0.395762793174455 0.0709519643110474
66 0.2 7.74202915582038 0.0886582748519238
67 0.1 0.575306907699892 0.076404426903384
67 0.2 0.515781321366065 0.115307523648014
68 0.1 0.457912605282178 0.0539942185242049
68 0.2 0.475748004774734 0.0505146787283385
69 0.1 0.540309162901292 0.193604395844972
69 0.2 0.814692674093462 0.172475401574667
70 0.1 0.423294449599047 0.0938964691703417
70 0.2 0.417425791925299 0.0736763235871723
71 0.1 0.339783193668229 0.0859908294352586
71 0.2 3.59328146644024 0.134905871494226
72 0.1 0.228405879458642 0.0445505946278076
72 0.2 2.26105896052283 0.0562277636437944
73 0.1 0.433507170400656 0.526151610255286
73 0.2 1.98465434612765 0.0537826087181306
74 0.1 0.123639371088667 0.0334508103843207
74 0.2 0.220259436935247 0.035435631312739
75 0.1 0.897762435097218 0.0885042061491456
75 0.2 1.33019412165818 0.0994721861263363
76 0.1 1.42701559532186 0.557853333618802
76 0.2 1.96688265525068 0.56328847178365
77 0.1 1.14216842517439 0.166163306234503
77 0.2 1.79090448846991 0.183990758826191
78 0.1 0.305604972948875 0.0512332933922991
78 0.2 3.85432636699768 0.195857146378718
79 0.1 0.712962519310756 0.194246594599547
79 0.2 0.715907875154861 0.201127163288022
80 0.1 0.117966221993656 0.0770759781907991
80 0.2 0.270664555483885 0.107201829828386
81 0.1 0.192777140415625 0.275250981429712
81 0.2 0.163054253928148 0.356743329613417
82 0.1 0.245292181670076 0.0632728005118062
82 0.2 0.277245837245878 0.0623389770846904
83 0.1 0.0485544990357537 0.043522399238499
83 0.2 0.0775938787711895 0.0733267685288108
84 0.1 0.369751762000631 0.0770336195445556
84 0.2 0.385915195628007 0.099698755737391
85 0.1 0.323189667920155 0.106681329108299
85 0.2 0.4200076869313 0.151045268591352
86 0.1 0.80646407538394 0.0754796895086809
86 0.2 0.752099943119588 0.134609073579315
87 0.1 0.159243128461589 0.185045343357392
87 0.2 0.177002420369259 0.286661508203963
88 0.1 0.144796441982648 0.0643884251857046
88 0.2 0.337639237032162 0.0697805875542646
89 0.1 0.0561795301743173 0.0873018507947326
89 0.2 0.14499038946165 0.0825323576828254
90 0.1 0.366786589109422 0.148166445249879
90 0.2 0.347370354376382 0.153314327295216
91 0.1 1.15269829869713 0.129831022756224
91 0.2 0.807733731369808 0.164890126635215
92 0.1 0.113907177873498 0.1243081863575
92 0.2 0.173841365581678 0.138924186097734
93 0.1 0.589472250278384 0.0319220935384037
93 0.2 6.48108472034578 0.0396114348958348
94 0.1 0.145872561430371 0.0166134781578354
94 0.2 0.179511776455982 0.202961100604523
95 0.1 1.0166794412427 0.080501331903257
95 0.2 0.974376621219537 0.184960526152528
96 0.1 1.23948258010975 0.156291125225005
96 0.2 1.1571471027473 0.157380241069252
97 0.1 0.350733609724662 0.0869807570685751
97 0.2 0.424456860964988 0.144614144247617
98 0.1 0.122398314144467 0.0647687603512209
98 0.2 0.167618077747815 0.0755804480837805
99 0.1 0.300594596278625 0.0823656892506863
99 0.2 4.5532985268656 0.102939301750153
100 0.1 0.375860875130771 0.564567685892932
100 0.2 0.323420368442583 0.489715476389185
