1 0.1 1.99346462715589 1.30814621366198 2.12502802258224 1.49238007941917
1 0.2 2.02642586562 1.43382269435826 2.16507093865451 1.60952877507785
2 0.1 2.25214817237494 1.62527096828067 2.14015583089341 1.7036615392088
2 0.2 2.36122043493984 1.60419501666168 2.233318504349 1.70782783547393
3 0.1 3.38943360001589 2.49246134584289 3.32857426375466 2.42310170114026
3 0.2 3.53413694142156 2.49516217027188 3.44091141602698 2.39372783088186
4 0.1 2.36650632745177 1.90516381788059 2.49920892998171 2.24580370663947
4 0.2 2.75446677684391 1.84426881479643 2.82073198154686 2.27925240681637
5 0.1 2.10506857656012 1.64631910302082 2.5648533106471 2.00710072655164
5 0.2 2.26085160285588 1.70957153688374 2.81903399406082 2.0115711469444
6 0.1 2.69595869097817 1.78679440552526 2.59417570740508 1.95275964207962
6 0.2 2.76393081814867 1.79231491976501 2.63433694863771 1.97953671902439
7 0.1 2.52200929940689 1.91527252133939 2.53543600325831 2.05089163405598
7 0.2 2.58820798232066 1.90671116730837 2.5702741617471 2.05839652955398
8 0.1 2.09717102430524 1.45599141510858 2.06319354991209 1.53780144961623
8 0.2 2.21960211161426 1.46439308595315 2.1654277884704 1.55447354766592
9 0.1 2.38638072547533 1.80914267238174 2.58318981478536 2.1937340955741
9 0.2 2.35543382280495 1.81197865776986 2.67237831571951 2.21189581123804
10 0.1 2.162921132394 1.47351537937015 2.50828579425553 1.86903600652287
10 0.2 2.05484179674758 1.90574980256236 2.40647342418528 2.2219771705543
11 0.1 1.8688859199876 1.55375884631872 2.17998609036754 1.77972925709588
11 0.2 2.57911720131413 1.56106085007966 3.06114889081807 1.73747867006592
12 0.1 2.54876300699408 1.63115762507559 2.45844367724963 1.75880419298897
12 0.2 2.605781659342 1.63961832458004 2.49476001715079 1.78781364112081
13 0.1 2.40634547892878 1.54191072345687 2.55687329010395 1.75449404215384
13 0.2 2.43343096879606 1.53911723112027 2.58234444527943 1.75399526533569
14 0.1 1.97304750496735 1.46407164787996 2.08794614916873 1.58634321959996
14 0.2 2.09954972219538 2.20006054905299 2.24128884068313 2.38969694620828
15 0.1 2.42161604950051 1.7510058274891 2.41140929264198 2.02463471496539
15 0.2 1.96998053896867 1.69920210756671 2.14757956006655 2.00184545839938
16 0.1 2.79544141727046 2.02641595050945 2.92244998379826 2.31654300545964
16 0.2 2.90937252861623 1.98236125180729 3.41680095581818 2.3198806059568
17 0.1 3.01386701804926 1.8181936878073 3.51047049006059 2.12663270345474
17 0.2 2.6560665866031 2.33815845753 3.26936901779744 2.88456344571772
18 0.1 2.08547384076883 1.22676562069062 2.07635336742563 1.29456060447144
18 0.2 2.11834718744612 1.27816678249015 2.13060639528265 1.3824565250871
19 0.1 2.09393773486952 1.537716675317 2.13951295732368 1.60774194248164
19 0.2 2.1495171130909 1.60726278230194 2.19376111467396 1.68605678771112
20 0.1 1.84772667481509 1.28463811328989 1.94851579618437 1.53593289034882
20 0.2 2.29604563142562 1.36609514933095 2.56967536033922 1.57197315834436
21 0.1 1.74836550777964 1.34871237064387 1.83928735455673 1.47080743531478
21 0.2 1.79605845058083 1.4792820782596 1.87808178705286 1.53797106685046
22 0.1 2.86010489777678 1.66923382054319 2.94949399054904 1.80922591937498
22 0.2 2.84856554068026 1.55405989566571 2.94518837017052 1.73144266589764
23 0.1 2.19291581626639 1.41540593342227 2.13695069659695 1.48923056462996
23 0.2 2.26557327529236 1.42680743097061 2.20966309722321 1.50251401577797
24 0.1 1.92983853679445 1.82017666712363 2.08342858400204 1.97076881433651
24 0.2 2.04721069637094 1.75139363960003 2.24252443720865 1.98867877998268
25 0.1 2.84627755143667 1.67125301984998 2.73352708659291 1.78845030061193
25 0.2 2.96731737417173 1.68609278192098 2.84963372500811 1.78979123103455
26 0.1 2.72597748197266 2.71393766706198 2.75322418758433 2.61941199235257
26 0.2 3.08676532651525 2.63293773578505 3.12049684569778 2.73834196980363
27 0.1 1.83453753109684 1.61643879875117 1.99078790210429 1.69906807194329
27 0.2 2.64709342980213 1.6728897420842 3.27027915859409 1.70854884175711
28 0.1 1.97134194387059 1.30913807195068 2.06725084155286 1.43142207305982
28 0.2 2.12854956371168 1.28333101085035 2.30954743258426 1.49859165099588
29 0.1 2.43223913723432 1.80966221688656 2.76541336084469 1.96231063158797
29 0.2 2.49965831769049 1.82876185208705 2.84605475769981 1.97057723412016
30 0.1 2.91297054129922 2.47867489093766 2.94653575661227 2.67575276786494
30 0.2 2.71790041936904 2.43994921150386 3.16976160526736 2.79652314512911
31 0.1 2.80263709010555 2.34686618616939 2.99827115099846 2.49877711544026
31 0.2 2.80574141209667 2.51646378977906 2.95097604967428 2.6872528993053
32 0.1 2.43423370135299 1.66632280429516 2.65360017175849 2.01672343702187
32 0.2 2.90487662026367 1.76850772616821 3.39040977549245 1.99681944320101
33 0.1 2.2346338269672 1.93431116508503 2.41540102059255 2.30637473718431
33 0.2 2.43096755780767 2.30069661311724 2.74384379016567 2.73188850349594
34 0.1 1.89632445829782 1.31349696669739 1.88371603185276 1.48577013015759
34 0.2 2.01110282617862 1.37233003831273 1.97219134332053 1.52948132145522
35 0.1 2.87807581167835 2.32942540372189 3.11505113271837 2.58499194290436
35 0.2 3.29224300858097 2.19076676093986 3.78037944056055 2.3238335811144
36 0.1 2.40750102376559 1.52955835152978 2.16169288878041 1.73894269123706
36 0.2 2.56981978282973 1.62377979691085 2.31660629152775 1.63696075018152
37 0.1 1.75665872439457 1.45910799311082 2.02806897242447 1.55192354485812
37 0.2 2.33215345151795 1.58149919875736 2.83194483767477 1.7145674444823
38 0.1 2.55663283288877 1.9844420754559 2.51260510393676 1.94383837788564
38 0.2 2.66533817222899 2.01131755095558 2.6160861165334 1.95217132644184
39 0.1 2.62640572859655 1.73537339165063 2.4459471097323 1.90135165206072
39 0.2 2.69236181623473 1.50693943787767 2.49810449346079 1.62788160332615
40 0.1 1.74603937858991 1.66784946385313 1.89699308325021 1.77139544638918
40 0.2 1.85706501910149 1.78708986168546 1.94373477204044 1.92528553548882
41 0.1 2.03037047505638 1.60469070305674 1.98233799618601 1.74202435128852
41 0.2 2.32349664663601 1.71191723900768 2.37220352983063 1.87146416961389
42 0.1 2.19159111108666 1.69448449833959 2.14519386416131 1.8028605288759
42 0.2 2.30774347859153 1.63885188882545 2.2269895687017 1.72655681364557
43 0.1 1.90054136354679 1.6021036520083 2.05830156533254 1.80254062903893
43 0.2 2.4926459621718 1.64152345411027 2.91109594460822 1.83321002673177
44 0.1 2.08296702320042 1.51702865949674 2.1685015999391 1.90786704294623
44 0.2 2.25263129571555 1.49847006370445 2.68091494111905 1.97691202535711
45 0.1 1.5773342905851 1.09535860786979 1.58398000938889 1.22611722823008
45 0.2 1.77767954724612 1.08224578518718 1.90841162085872 1.21227248841258
46 0.1 2.58785318849455 1.69750968938187 2.65602380022345 1.93122085460655
46 0.2 2.85582448434582 1.6560231450891 3.30393288379879 1.96163004694358
47 0.1 2.98724836244035 1.72043010532043 2.96366161938059 1.95602711428141
47 0.2 3.02602906977584 1.68631872291008 3.00895242474034 1.88701026995142
48 0.1 1.89782744202182 1.50265160431958 1.8888529687969 1.63333734436232
48 0.2 2.18386563541605 1.4634974553591 2.30640286674681 1.55045636131533
49 0.1 2.09423331100896 2.36568612760578 2.23770739916355 2.52165326944156
49 0.2 2.85249796847692 2.28440413822602 3.54138818107544 2.69391427778807
50 0.1 1.68908756548911 1.50227940545889 1.84780082234616 1.58490982517926
50 0.2 1.8271377649374 1.49536737897456 1.99177283017822 1.58954178706157
51 0.1 1.689346382785 1.18584043696191 1.76410958876535 1.29206130333055
51 0.2 1.83438419514771 1.2200851651645 1.88516749815733 1.30554505286796
52 0.1 2.12779739894515 1.6962825915233 2.27427434394987 1.83674827968531
52 0.2 2.21288875749152 1.74864612179379 2.34360918067786 1.8583472974721
53 0.1 2.43877965229016 1.68958260584322 2.4503192340247 2.06892886272
53 0.2 2.43859982802119 1.53804961775828 2.87988515881195 1.9738687074409
54 0.1 2.48272579328999 1.85494467851901 2.55915192476573 2.15690776115397
54 0.2 2.89471926444306 1.95186493080784 2.99386920051472 2.23545748389647
55 0.1 2.53101264478046 1.93618822747957 2.55893676843237 2.32244706132622
55 0.2 2.58173068047316 1.96671399116768 2.6006977626815 2.42027234182912
56 0.1 2.16407128936406 1.50449654617317 2.11846513014059 1.60653872338823
56 0.2 2.50284584008323 1.51809593988393 2.41640872616902 1.62021886793899
57 0.1 2.13734752195468 1.49639873316117 2.28504642140972 1.52370930780751
57 0.2 2.14848099638272 1.51035692422438 2.28471929154343 1.52658496957313
58 0.1 2.49147107676912 1.46790886273536 2.46616663097728 1.63052433336663
58 0.2 2.56888753644612 1.4659749126392 2.54008389146588 1.71234739459397
59 0.1 3.01011848959096 1.90679185386788 2.90810349524618 1.94758806547136
59 0.2 3.13268287626828 1.97510482427856 3.02500980764966 2.00105075540097
60 0.1 2.08361859523485 1.33042672558392 2.12325501713293 1.47392156013769
60 0.2 2.10424973685788 1.33717325586395 2.13735910002744 1.48403054731934
61 0.1 2.60165699587663 1.61384163387677 2.47663201866336 1.69317254924104
61 0.2 1.98472077499631 1.63938823393624 2.23678784657075 1.78078958193769
62 0.1 2.00646531926075 1.56286607117581 2.09545986920453 1.78314469375163
62 0.2 2.16587081383259 1.67955564027088 2.56930124069285 1.79413124586082
63 0.1 2.04946479580234 1.53422602586503 2.30471506732342 1.77712146450879
63 0.2 2.5680420785287 1.66955035357052 2.63699152527624 1.95247994220091
64 0.1 2.11274202522857 1.645625695423 2.37136971105781 1.77835877189128
64 0.2 2.49028961035571 1.65263156841187 2.88830753986992 1.78377631894069
65 0.1 2.25395141526781 1.5818906764928 2.37707395678415 1.7922199952091
65 0.2 2.26042005839685 1.62666084397824 2.6309611664533 1.81127643717132
66 0.1 2.15612774388478 1.54894580196586 2.33582473273875 1.78351322191067
66 0.2 2.97748358069935 1.60161912614596 3.45777886196865 1.79570242732922
67 0.1 2.12323580305372 1.46974502103569 2.01937061696436 1.57865795199129
67 0.2 2.20232877637318 1.3712348890845 2.11502230408303 1.50505454416107
68 0.1 2.09034927995943 1.38769321044021 2.04671613239891 1.51775390901316
68 0.2 2.15981954524076 1.39214256958601 2.09599384418024 1.51874555866895
69 0.1 2.25115256916771 1.63570868290541 2.46684744686361 1.85336104470764
69 0.2 2.56890688107794 1.73889713910336 2.61885259331931 2.15486524136825
70 0.1 2.22304883071296 1.34540280321464 2.18752063278142 1.48381943454371
70 0.2 2.2896248373685 1.37206924847139 2.24128985676107 1.4915878594887
71 0.1 1.94500140584497 1.62708325725494 2.05913039824843 1.89396162984009
71 0.2 2.57423108320492 1.73004018646757 3.04723466750682 1.91888483978196
72 0.1 1.42506032956099 1.09377778677844 1.77439829850404 1.46295796317917
72 0.2 1.95527151023314 1.08933805656831 2.479025476529 1.50818802178937
73 0.1 1.91922550089497 2.07899831388907 2.13919533230952 2.29809323433939
73 0.2 2.78509222600606 1.462921021506 2.92697163148672 1.65347238608579
74 0.1 1.83592917796311 1.67038143851139 2.04140900863797 1.79577679624839
74 0.2 1.92667954828604 1.75703967422865 2.20620571342785 1.80001514151969
75 0.1 2.64877598559348 1.77909845835229 2.6911829189072 1.81766670628617
75 0.2 2.91465083746068 1.80547174689706 2.96374472743945 1.82189687089508
76 0.1 3.22914375170004 2.3991520402464 3.2961758180109 2.97745503492747
76 0.2 3.54560425914806 2.12981920310381 3.53474203235741 2.82966630828381
77 0.1 2.96172196725587 1.91705219005677 2.85693015435227 2.13694349121435
77 0.2 3.3915589601787 1.92639921167724 3.30077273155632 2.09243207538591
78 0.1 2.17994609398636 1.41914135026866 2.12945396042178 1.61419414251779
78 0.2 2.38044870114014 1.60047851397535 2.83493481457306 1.96839648470018
79 0.1 2.35219840798279 1.59508584164245 2.42992947724193 2.20762441193455
79 0.2 2.43672302754328 1.4806250921361 2.49340450009508 2.13313795121309
80 0.1 1.66214954507945 1.40841709359255 1.89796145085156 1.56576908664323
80 0.2 1.92871266938963 1.41848062108344 2.16642735692199 1.62948017804465
81 0.1 2.05829523860045 2.03122107298298 2.17645417634746 2.21766065660637
81 0.2 2.04197833770685 2.04073145161684 2.1647417399659 2.12317188014508
82 0.1 1.82821541394727 1.42720991725126 1.9823591369676 1.48466173241622
82 0.2 1.84414694183226 1.41900854041276 1.98291297698487 1.46201580914205
83 0.1 1.39816270980741 1.4406861837146 1.57934536959331 1.56022792762933
83 0.2 1.40369316124106 1.41234655330323 1.58641307560526 1.56695270822001
84 0.1 2.1225744354121 1.31062563227605 1.97722140389056 1.43657675866452
84 0.2 2.19397240090007 1.28752324791077 2.03690928010716 1.38880240565709
85 0.1 2.02990110035612 1.60819675902982 2.33246467815242 1.77519538922219
85 0.2 2.11508279964682 1.65890542789175 2.43257308484857 1.78456310509695
86 0.1 2.86101849555166 1.62384358278779 2.86796131690337 1.7801839803052
86 0.2 2.88021442683278 1.70910542932941 2.8682029061954 1.78323229751615
87 0.1 1.94560011753247 1.50223552551593 1.90280936794106 1.69517631059608
87 0.2 2.0325542690528 1.55340946722846 1.96948385726557 1.8210936327107
88 0.1 1.68803948995935 1.34055721835697 1.86049539429501 1.63717466075821
88 0.2 1.77718624380633 1.32500918449827 2.04286939487122 1.74018147061148
89 0.1 1.79474085268226 1.54091256357186 1.92751807176085 1.62814462623897
89 0.2 1.97529117128103 1.55814897698642 2.20739591062837 1.62647861709175
90 0.1 2.14770933553085 1.52480878905721 2.13140485293944 1.55900131295416
90 0.2 2.14519015356634 1.52693739396785 2.13529912921212 1.56565900677767
91 0.1 3.03550573524585 1.94347085680754 2.85948085805332 1.94114720769106
91 0.2 2.35727784816827 1.74506361893537 2.59970820694568 1.9638620195914
92 0.1 1.57624846138721 1.58242254806369 1.68429253579008 1.73750341091953
92 0.2 1.65308046402549 1.54852968775609 1.71159028416856 1.63331557743398
93 0.1 1.93038817712618 1.28254694172669 2.05790587977255 1.43203617463537
93 0.2 2.53245920361636 1.29126741735846 2.76776311869994 1.43317885912823
94 0.1 1.87829478646427 1.46903636644472 1.99785330463346 1.61728164035154
94 0.2 2.0098738153715 1.81583795532277 2.08360702903332 1.88121223109386
95 0.1 2.74903265351799 1.49131074677869 2.59320616177261 1.62207150288042
95 0.2 2.78322882723475 1.51144558103369 2.62539411002083 1.60387769228501
96 0.1 2.80314122207206 1.67294401301598 2.77852840822148 1.74355739468415
96 0.2 2.81325139186133 1.67327086560641 2.78182227324787 1.74099726191085
97 0.1 2.25215846413069 1.63376805878991 2.1784681323114 1.72532910390419
97 0.2 2.487817837598 1.63738463172642 2.43779992812754 1.72520549125231
98 0.1 1.46952366996936 1.34167963357382 1.61790919219077 1.4339399259738
98 0.2 1.50729505539334 1.36265795368875 1.69581993814581 1.44723232588883
99 0.1 2.12442989991572 1.66162156584283 2.36183308725976 1.84650049802189
99 0.2 2.98083462524628 1.60830902421366 3.48365342200735 1.7911724469006
100 0.1 2.13867266559768 2.54844337906102 2.16652182090094 2.84045611892628
100 0.2 2.15364050077248 2.54189603554127 2.17966847175202 2.68234397386103
