1 0.1 0.554569712628836 0.554431320144932
1 0.2 0.776482983018642 0.782907708932259
2 0.1 0.835263285606552 0.835260816973006
2 0.2 1.14748950255212 1.14690386014218
3 0.1 1.13669424208254 0.93406729591835
3 0.2 1.09816406362577 1.20639022331533
4 0.1 1.1535874917754 1.18244361119105
4 0.2 1.07533301714135 1.08901426276511
5 0.1 0.757936080223242 0.764142560994514
5 0.2 1.1012860508541 1.07459630469907
6 0.1 0.579325709530079 0.574412556968342
6 0.2 0.830950717090973 0.842057291713371
7 0.1 0.921675682407647 0.941666871463071
7 0.2 1.05335141613286 1.06728544800644
8 0.1 0.763828825218991 0.763042368034132
8 0.2 0.956981832248756 0.957620136891849
9 0.1 1.36477193482775 1.39900875265663
9 0.2 1.23039704514717 1.25226495907837
10 0.1 1.03125786221821 1.01648275903011
10 0.2 0.90375945903257 0.909596225866273
11 0.1 0.467430681140512 0.462013711408371
11 0.2 0.927246713968871 0.919869452763445
12 0.1 1.17708039601846 1.17383993178006
12 0.2 1.04719669634678 1.04228153352901
13 0.1 0.561808005320903 0.563937295143589
13 0.2 0.678560786642694 0.680386272007267
14 0.1 0.701318030366438 0.701321766772683
14 0.2 0.749504037897704 0.74961844923675
15 0.1 0.606106121797784 0.682218960806799
15 0.2 0.958512011304452 0.97554712707704
16 0.1 1.74794824741427 1.95602383513787
16 0.2 1.50229990469811 1.60727210222409
17 0.1 1.86202579541726 1.85874439667014
17 0.2 2.21421029287319 2.208430400309
18 0.1 0.792845755389635 0.792404232780037
18 0.2 0.911136615000001 0.910669920305446
19 0.1 0.788175005804105 0.788455871322631
19 0.2 0.807526292853166 0.809371287479034
20 0.1 0.602867632577248 0.603032760055703
20 0.2 0.744500913127545 0.744569623580018
21 0.1 1.22947785431474 1.22905069334803
21 0.2 1.13414488662393 1.13341994843763
22 0.1 0.921227220773244 0.904957103197228
22 0.2 0.923943865014356 0.93251841030305
23 0.1 1.51822391681619 1.51821226867645
23 0.2 1.35787000327675 1.35786401688049
24 0.1 1.71505129846278 1.71641520786813
24 0.2 1.81807024039572 1.82679708169452
25 0.1 2.41828365359489 2.41888410327554
25 0.2 1.76912482845811 1.7703181990322
26 0.1 1.95347037177638 1.95733274595194
26 0.2 1.53052207607577 1.5323312764505
27 0.1 0.524410957986162 0.525908430032017
27 0.2 0.543690981350114 0.547447274591449
28 0.1 0.520222879184592 0.520925494522315
28 0.2 0.529034483157167 0.530021210208291
29 0.1 0.785136179585107 0.785890926391223
29 0.2 0.914507890478024 0.915606088572989
30 0.1 1.86620248635392 1.88784012880594
30 0.2 1.31716904914951 1.29307706254036
31 0.1 1.14168617707734 1.15959826502633
31 0.2 1.20334235549722 1.21770129490888
32 0.1 1.88376153184471 1.85361159845619
32 0.2 1.7702181198146 1.77305165037467
33 0.1 1.0336340069248 1.04044469807557
33 0.2 1.243879403298 1.28427842776944
34 0.1 0.548952452666744 0.554355133833281
34 0.2 0.689558333461151 0.70384842176428
35 0.1 0.888726256004448 0.891548174710324
35 0.2 1.04689449362769 1.04961275254949
36 0.1 0.962278645020342 0.960008384469793
36 0.2 1.35966190428527 1.36828287780604
37 0.1 0.638367740102232 0.638382323793466
37 0.2 1.03084346553488 1.03132408143319
38 0.1 0.938622376675156 0.934912992127407
38 0.2 1.05177674891108 1.04231887777496
39 0.1 0.658913694839632 0.638855614791113
39 0.2 0.743481910903764 0.742863926167144
40 0.1 0.76663001521233 0.767477318795923
40 0.2 1.25014148526313 1.26329683267195
41 0.1 1.03146556472849 1.05276309371414
41 0.2 1.04149429701224 1.04006091571073
42 0.1 0.782530323070489 0.782471921933969
42 0.2 0.907936439839884 0.890111833025658
43 0.1 0.256217159291386 0.2562125797462
43 0.2 0.660361244332781 0.661001637383618
44 0.1 1.04667046325702 1.04671027099658
44 0.2 1.08845971086242 1.08993816072116
45 0.1 0.426948303237215 0.42849616623985
45 0.2 0.476877164257515 0.477420204532734
46 0.1 0.680292351580192 0.685574941536596
46 0.2 0.959661678022163 0.968362133273668
47 0.1 0.51606818444053 0.512283749714483
47 0.2 0.582004132369404 0.58454799037362
48 0.1 0.868955370788911 0.869541552376155
48 0.2 1.13146819710458 1.13094131030894
49 0.1 2.07166371047325 2.0790251948692
49 0.2 1.66395458535122 1.68642368097124
50 0.1 1.26061198951016 1.26694323911376
50 0.2 1.0955187886236 1.10538834850479
51 0.1 1.57058547001607 1.57096447904568
51 0.2 1.25477204455815 1.25356530508371
52 0.1 2.03480650745493 2.03634016795754
52 0.2 1.82794391047407 1.8266571121364
53 0.1 0.57590893545654 0.580925864396431
53 0.2 0.77434345423269 0.772214125551879
54 0.1 0.934641855796761 0.945631445575329
54 0.2 1.21241324151818 1.21059211710626
55 0.1 0.669296231013073 0.665615700321498
55 0.2 1.01453169157097 1.0187910129677
56 0.1 1.16197941262184 1.16188091423919
56 0.2 1.17466769538423 1.17296677690085
57 0.1 0.812216735455936 0.808221284969687
57 0.2 0.829366584776564 0.830975729424096
58 0.1 0.853529119976586 0.875491866270804
58 0.2 0.949073085485659 0.950875819794579
59 0.1 1.33714437715547 1.36671764521668
59 0.2 1.72258319049942 1.72412743288413
60 0.1 0.697873757253205 0.69828684710995
60 0.2 0.719649557227889 0.719327159525524
61 0.1 0.945989889474587 0.945893927136691
61 0.2 1.28866664035389 1.28855163095565
62 0.1 0.875965097120565 0.852138483620509
62 0.2 0.785678395635508 0.787446912057618
63 0.1 0.887649292862593 0.894728536346928
63 0.2 1.42336244384793 1.43550257012396
64 0.1 0.86384427054584 0.865265638918612
64 0.2 0.923919798154204 0.906016403687312
65 0.1 1.01608393942967 1.0158697079349
65 0.2 1.17578875405285 1.17827148833453
66 0.1 0.554035776466945 0.570610046653616
66 0.2 0.812041599480016 0.813953729562353
67 0.1 1.18646975591574 1.23084611659513
67 0.2 1.14264578642198 1.14289290103497
68 0.1 0.288604302533395 0.288617057596796
68 0.2 0.448340407027499 0.448400814458408
69 0.1 0.56194487124348 0.547659774511248
69 0.2 0.721385279747088 0.701847433188052
70 0.1 0.643464542646823 0.643465554891533
70 0.2 0.841838570409711 0.841795226518989
71 0.1 0.397201581475925 0.393643076105793
71 0.2 0.664597417255582 0.652202287627848
72 0.1 0.552908085757596 0.554159461111559
72 0.2 0.52297278538866 0.518927296959785
73 0.1 0.584976071503369 0.585111605147153
73 0.2 0.940801915716814 0.941116197313125
74 0.1 1.47913961693775 1.49523824977071
74 0.2 1.08084031912881 0.996713593757537
75 0.1 0.448978308023449 0.449092660731912
75 0.2 0.568303040528371 0.596257743590821
76 0.1 1.18463718710687 1.18890353599851
76 0.2 1.82750800848876 1.84143837942727
77 0.1 1.45787186487109 1.47127388166807
77 0.2 1.25781908603476 1.2576723377767
78 0.1 0.89593991393059 0.896294766517216
78 0.2 1.2347907901562 1.23487046048356
79 0.1 1.59690643784509 1.61825211079442
79 0.2 0.805020803045325 0.815352257645163
80 0.1 0.795010263856992 0.795112283279063
80 0.2 0.810382219643288 0.810315909289231
81 0.1 1.1792107005971 1.14742432528946
81 0.2 1.02447454180211 1.02575662318066
82 0.1 0.241686284951902 0.24141184476481
82 0.2 0.445259970759693 0.444866423007243
83 0.1 1.0586424238475 1.05866808931344
83 0.2 1.02240715714003 1.02202214631538
84 0.1 0.999621468513448 0.999596861955574
84 0.2 0.875844096117847 0.881212036705684
85 0.1 0.518244634127517 0.508783630973686
85 0.2 0.697466896214836 0.695372642938313
86 0.1 0.984322346139455 0.971028206215916
86 0.2 1.18289963409403 1.15640132427702
87 0.1 0.500932830577483 0.501011124653269
87 0.2 0.783950050236099 0.783843031944241
88 0.1 1.09301523924553 1.09184551339957
88 0.2 1.26702125663383 1.27145472028234
89 0.1 1.12604353269796 1.12625045598966
89 0.2 1.2748006649852 1.27518902741714
90 0.1 0.5848127551142 0.571797319173955
90 0.2 0.63359953028037 0.624876304265686
91 0.1 0.666208875006015 0.714393578317778
91 0.2 1.10809912574247 1.11694725147895
92 0.1 1.28116378250829 1.28228756590145
92 0.2 0.967114666940783 0.967454395275629
93 0.1 0.434707747117661 0.434311996073097
93 0.2 0.64113959781509 0.640945003366859
94 0.1 0.539026821225918 0.535717150785848
94 0.2 0.828124457319345 0.873834036871608
95 0.1 0.42518088528092 0.432087272631326
95 0.2 0.753862688877345 0.754110536031876
96 0.1 1.15146865321552 1.15149588724824
96 0.2 0.98358931505062 0.983878408332456
97 0.1 0.7880033403508 0.790564778024626
97 0.2 0.972232646695374 0.971326028900081
98 0.1 0.853876860795027 0.85374252175356
98 0.2 1.16846071302218 1.16859537063954
99 0.1 1.05157001671332 1.0205977023628
99 0.2 0.833215174071426 0.820986358206657
100 0.1 0.989009280853555 1.04419746262496
100 0.2 1.07507020581486 1.08777768277562
