1 0.1 0.0299678021487778 0.00169066332471771 0.0135457639433253
1 0.2 0.104251549067202 0.00197947396145742 0.0193384909238801
2 0.1 0.022496769118922 0.00784442858622269 0.0154467357235236
2 0.2 0.0803441166509653 0.00777115905338498 0.0164455184367771
3 0.1 0.0242981413234779 0.00145375582214302 0.00970494205808098
3 0.2 0.0982605214099384 0.00248228425439916 0.0140760076850306
4 0.1 0.0366690752376875 0.00303866688276302 0.0183745767081865
4 0.2 0.100301960377471 0.00365771168105411 0.0247266519921345
5 0.1 0.0241650539321134 0.00211959693461153 0.0108884286331687
5 0.2 0.0868710567204145 0.00240939578596904 0.0155350683013874
6 0.1 0.0264707857680496 0.00249472245036056 0.0147253263426451
6 0.2 0.104653673860932 0.00305204035049929 0.0189658375126572
7 0.1 0.0285115593669941 0.00197404521115465 0.0157134000282478
7 0.2 0.0911760053901143 0.00184502911743693 0.0166451011932078
8 0.1 0.0289895609088337 0.00161055748590264 0.0161287293861586
8 0.2 0.0920891805088156 0.00188294127685915 0.0171776589393981
9 0.1 0.0227697985846467 0.00169987506381662 0.0104602131527159
9 0.2 0.0925025116655501 0.00205723986515793 0.011361359082592
10 0.1 0.0315020221510224 0.00153403748522257 0.0180856021993628
10 0.2 0.106512849019566 0.00165557189876466 0.0267840325613559
11 0.1 0.0292615625256442 0.00330170040624055 0.0102965742032552
11 0.2 0.0918686527814525 0.00395110086714584 0.0173104763154912
12 0.1 0.0285184445918951 0.0018027260119675 0.0185394082740793
12 0.2 0.097125521464478 0.00188735332530642 0.0209198792449128
13 0.1 0.0405826610637982 0.0015990035972868 0.0223555606646556
13 0.2 0.109973795213133 0.00219940693960302 0.02792857406581
14 0.1 0.0212182052017038 0.00401932410131315 0.0145727884436685
14 0.2 0.0869469854779038 0.00422069045739405 0.0243865619796589
15 0.1 0.0157883072524679 0.00206390333284587 0.00646098088343147
15 0.2 0.0694443448446677 0.00193390212965882 0.00897635267860482
16 0.1 0.0317066504647596 0.00264747590726514 0.014581854877889
16 0.2 0.101072056321904 0.00299095446879745 0.0195630908675568
17 0.1 0.0188112411437326 0.0012434331281495 0.015128984130593
17 0.2 0.100502196664422 0.00139370961467607 0.00948804372284037
18 0.1 0.0305483263129514 0.00305516429345999 0.0134206327609942
18 0.2 0.121741682253682 0.0039225195741772 0.0204267466797986
19 0.1 0.0279953124963331 0.00195030820513984 0.021411486603291
19 0.2 0.10193506599075 0.00217626818589092 0.0219434174696467
20 0.1 0.030706365331674 0.00283926845140167 0.0178909053785246
20 0.2 0.105265778160419 0.00332013950042988 0.0210303484343733
21 0.1 0.0390017254793687 0.00179654236005912 0.0241353759957661
21 0.2 0.0981486506685239 0.00256342206246365 0.0248412570138301
22 0.1 0.0185488331631803 0.00575760457177874 0.00850807391365612
22 0.2 0.0914991636661186 0.00473245616064737 0.0114187005604296
23 0.1 0.0317937817483746 0.00820695800700559 0.0177916419218769
23 0.2 0.1018663276757 0.00591910847571768 0.0180005378856701
24 0.1 0.0235164412134126 0.00257465390935864 0.00939283455963146
24 0.2 0.0948441910767929 0.00234598137191827 0.0119738257891119
25 0.1 0.0473198095948645 0.0028194705939528 0.034503438956293
25 0.2 0.108063417569915 0.00326573072425737 0.040798362993909
26 0.1 0.0192575227458602 0.00354952979043647 0.0104850203134182
26 0.2 0.0889196294687731 0.00386875178838446 0.00838063074092612
27 0.1 0.0302766650381834 0.00499203022633882 0.0174933784762764
27 0.2 0.0974345692029591 0.00566716166180044 0.0199493471079796
28 0.1 0.0323912919604145 0.00109668705703111 0.023382711089596
28 0.2 0.10124750874208 0.00207589919997204 0.0312728311371622
29 0.1 0.0214140929762829 0.00335194407691285 0.0230006666978967
29 0.2 0.0989380462474873 0.00366591959256113 0.0244589546259875
30 0.1 0.0369774218307826 0.0081730184354153 0.0215580568918895
30 0.2 0.104136671733703 0.0101838531148666 0.0238388722319752
31 0.1 0.0260422211083549 0.00218973871031673 0.00891290673783303
31 0.2 0.0965365029170829 0.00324854626728294 0.0124145838623034
32 0.1 0.0301500208364053 0.00370980263764752 0.0149947968740009
32 0.2 0.100065136127202 0.00389847582036838 0.0197194087724122
33 0.1 0.0358221415271739 0.0035512718792908 0.0237141147156445
33 0.2 0.114789904658236 0.00393816731876382 0.0292333796389645
34 0.1 0.0236886159054392 0.0013280434114032 0.00830071865714692
34 0.2 0.0949034456588034 0.00205576205664686 0.0122059719396606
35 0.1 0.0367539384720089 0.00445714369977669 0.0236821809591495
35 0.2 0.112805779020394 0.0040343094124347 0.0351768493193282
36 0.1 0.0359884146532102 0.00275859275058302 0.0190918215412639
36 0.2 0.104193210047068 0.00306664784755571 0.0235643762343859
37 0.1 0.0265410817366455 0.00155453806695843 0.0161232370174896
37 0.2 0.0874257127717683 0.00137466147838576 0.0155253578397661
38 0.1 0.028390254758867 0.00266127509405514 0.0184887633172538
38 0.2 0.125324304881205 0.00257254194804171 0.0210680481831855
39 0.1 0.0239417245383812 0.00210954993284301 0.0130260605176426
39 0.2 0.0959813200000763 0.00325567496999628 0.0211398666016815
40 0.1 0.0301426815813827 0.00194613318000564 0.0159724187029155
40 0.2 0.0985949534033967 0.00123615579710837 0.0176886900820022
41 0.1 0.0308058082183788 0.00264077827543699 0.0127637860244366
41 0.2 0.118440108597547 0.00297366977773937 0.0174548607093658
42 0.1 0.0197863026263215 0.00498294179215718 0.0129705312100839
42 0.2 0.080578910350635 0.00460907542551195 0.0104090905234285
43 0.1 0.0227530983309438 0.00274156825025404 0.013520456811932
43 0.2 0.0977869301801171 0.00322504734300674 0.0223189387598371
44 0.1 0.0212533030596451 0.00291003027224123 0.0114545425128018
44 0.2 0.0686561321766546 0.00344990058293748 0.0172851273048616
45 0.1 0.0196867540045545 0.00184699799321941 0.00751988003643352
45 0.2 0.0687628441932418 0.00229977910044865 0.0104288010539705
46 0.1 0.0356852076278643 0.00423994584160446 0.0182528489741925
46 0.2 0.12164282779468 0.00541493806228214 0.024596868292141
47 0.1 0.0432405592014976 0.00399746392096739 0.031014906852417
47 0.2 0.117601148206701 0.00547314736007842 0.0379851014406328
48 0.1 0.0239659932467397 0.00213229778819129 0.0167689942439948
48 0.2 0.0999157615892338 0.00211945288224843 0.0182787388762189
49 0.1 0.0285688064227365 0.00172409047272642 0.0102950958730439
49 0.2 0.0915541187059456 0.00273312743892399 0.0143330941023872
50 0.1 0.0235539761400408 0.00596949294806904 0.0140090627536908
50 0.2 0.0897930661184197 0.00812184893487669 0.0158197905232213
51 0.1 0.0231671514190402 0.00353950120212991 0.0162793473897997
51 0.2 0.0873842700002485 0.00363108299040345 0.0180102958218799
52 0.1 0.0273715262712353 0.00259656898647976 0.0247397639519929
52 0.2 0.125679166610654 0.00344917437462071 0.0273946758866679
53 0.1 0.0391009444886131 0.0053396129453348 0.0253814268610922
53 0.2 0.102375458887165 0.0039087473745265 0.0364539011485595
54 0.1 0.0136319360159247 0.00567299863922907 0.0155775296102435
54 0.2 0.0793435162996611 0.0072907362673167 0.0190530079024988
55 0.1 0.0262137544543993 0.00129795262552304 0.0218342765385217
55 0.2 0.104142442729666 0.00094634148774077 0.019779713653714
56 0.1 0.0253203575013092 0.00171532888737982 0.0135474589783711
56 0.2 0.0889334727982908 0.00289764867094044 0.0183415270451847
57 0.1 0.0351422717078357 0.00315288634923801 0.0199472735010924
57 0.2 0.131693785248762 0.00284860018044512 0.0244179104775439
58 0.1 0.0299678021487778 0.00169066332471771 0.0135457639433253
58 0.2 0.104251549067202 0.00197947396145742 0.0193384909238801
59 0.1 0.0415667582339828 0.00343280223396285 0.0190301293221987
59 0.2 0.115440366892133 0.00334854859841411 0.0391669418592961
60 0.1 0.0412554285432445 0.00421211532861262 0.0280714604198746
60 0.2 0.114090386108479 0.00625862105313465 0.0264220232697253
61 0.1 0.016756598858108 0.00302820272216724 0.00978021929486525
61 0.2 0.0819110111546093 0.00285679254543378 0.0145883183861908
62 0.1 0.0319766574420159 0.00306606237024345 0.0127303383442639
62 0.2 0.108931090449974 0.00418472930244004 0.0224976911244858
63 0.1 0.0260227506720033 0.0011145641805035 0.00719700756897228
63 0.2 0.0921285564537919 0.00134840087004993 0.0134991136311935
64 0.1 0.0312171571376159 0.00134091914875743 0.0202562281269586
64 0.2 0.0948472777242363 0.00148773575162336 0.020335796042432
65 0.1 0.0274508448010495 0.00129886116517999 0.0128976111287219
65 0.2 0.0842708462266218 0.00106259858081365 0.0141424687324078
66 0.1 0.049723758907508 0.00414857547038597 0.0354240929427594
66 0.2 0.144492242548712 0.00693026349853575 0.0440630795638791
67 0.1 0.0258925576890606 0.00126802582401001 0.00994836032278896
67 0.2 0.0959303553222148 0.00233283778197494 0.0141266801905906
68 0.1 0.0297551010847194 0.00336511161952897 0.0197772921067208
68 0.2 0.0855963046263073 0.00541049688292724 0.0216211607829815
69 0.1 0.0311181760952107 0.00516127519690783 0.0102147159047166
69 0.2 0.0912141950878083 0.00571097776876219 0.0117707374495347
70 0.1 0.0286716776571894 0.00226252148972639 0.00902338092525327
70 0.2 0.0905207856046945 0.00237595271068244 0.0118634256690506
71 0.1 0.0330020099199051 0.00213407923731177 0.019069750659591
71 0.2 0.121470719898748 0.00398047133402914 0.0247180036250331
72 0.1 0.0284941169352 0.00405447051227706 0.0203343420747062
72 0.2 0.102342549995182 0.00202730031624595 0.0194885005857571
73 0.1 0.0296780508646372 0.00266246334959384 0.0133937284032285
73 0.2 0.0938599551298989 0.00256102282988587 0.0144530646875603
74 0.1 0.0220353206798198 0.00229128850800658 0.0133833496461041
74 0.2 0.114394741804999 0.00494116805998678 0.0167822404251407
75 0.1 0.0242448304070502 0.00334815398756791 0.0178693162169747
75 0.2 0.103492475034373 0.00710662274526224 0.0218237121361181
76 0.1 0.0262670819379193 0.00285250547788131 0.0133320034246052
76 0.2 0.093998296162652 0.00228867752738621 0.0255765985313341
77 0.1 0.0316172322675636 0.00243920866010799 0.0180442329879195
77 0.2 0.0990535274991424 0.00235426362143437 0.0270366993961078
78 0.1 0.0270455427701566 0.00352830506984185 0.013448300269842
78 0.2 0.0745879987022765 0.0040144916581279 0.0136233689957969
79 0.1 0.0323696946974054 0.00389802960435718 0.0221008780335483
79 0.2 0.0960763271127251 0.00337969444090152 0.0235298286697141
80 0.1 0.0297832401315275 0.00191992636890449 0.0121274463266572
80 0.2 0.106178677020634 0.00193372092213848 0.0157025963202056
81 0.1 0.0346453885725401 0.00364670882122997 0.0171366970756978
81 0.2 0.106153687085907 0.00502045675125406 0.0252433148552138
82 0.1 0.0326488192985763 0.00244705945587489 0.0144306472494374
82 0.2 0.104921117463908 0.00314687169661497 0.0220023966318904
83 0.1 0.0297742683493986 0.00341325671264591 0.0168293321845055
83 0.2 0.0892005603858966 0.00316452919007674 0.0187378653066107
84 0.1 0.0329505281984319 0.00368930909762281 0.0258274632751642
84 0.2 0.101686065145385 0.00344902724679681 0.0255331519880172
85 0.1 0.0353871193444559 0.0020612127768209 0.0232810279237693
85 0.2 0.102666910550231 0.00254471858639441 0.0262495366616495
86 0.1 0.0246634851118629 0.0034460130115863 0.00671715092590181
86 0.2 0.146572394812843 0.00436459484748561 0.0133358715533406
87 0.1 0.0285392030255098 0.00259992980009161 0.016724107371983
87 0.2 0.0998285961223543 0.00340676171587976 0.0198741163755924
88 0.1 0.0236431154806394 0.00381261373792725 0.0124205285465087
88 0.2 0.0854481307952473 0.00455052866750583 0.0151656437498455
89 0.1 0.0308306572093996 0.00267099994624081 0.0120951634350842
89 0.2 0.0937139177847992 0.0033297830822007 0.0214014473970862
90 0.1 0.0213703470961202 0.0027507425225564 0.0162613489651213
90 0.2 0.0887562291781294 0.00529002595626302 0.020230101374056
91 0.1 0.0368018340886118 0.00254583098362261 0.0275572173688253
91 0.2 0.108212895704502 0.0037649318781241 0.0366785324027684
92 0.1 0.0268305664666801 0.0024944680371674 0.0133242890646506
92 0.2 0.0987983900509835 0.0034751151297582 0.0205800200432682
93 0.1 0.0288292983741435 0.0019269683305465 0.0149548767189131
93 0.2 0.100445910134406 0.00406925119492784 0.024472502101411
94 0.1 0.0287579395117977 0.00243606334194062 0.0156969452959399
94 0.2 0.103630969637039 0.00381425862905347 0.0239211498653113
95 0.1 0.0319779319576051 0.00179686882480561 0.00997743630101653
95 0.2 0.104470760485235 0.00198998299161239 0.0217312522875964
96 0.1 0.0288696181370614 0.00160454921891645 0.0145289013012656
96 0.2 0.111241288369745 0.00167215616123783 0.0191302873425449
97 0.1 0.0311064838713001 0.00124238580786659 0.0174576813533415
97 0.2 0.105860361922462 0.00150810094511628 0.0192848904725995
98 0.1 0.0240660870436871 0.00138398347149294 0.0116991152531258
98 0.2 0.0986661217062487 0.00143246329201523 0.0146180673328157
99 0.1 0.036160668029358 0.00197268333270837 0.0153556962230394
99 0.2 0.111324203806768 0.00133311312691164 0.0223076046830704
100 0.1 0.0219763172634214 0.00338165911195455 0.0167779267375345
100 0.2 0.0949375547671655 0.00342669804493324 0.0211609861194411
