1 0.1 0.262971543050334 0.262535221167359 0.263645903135346 0.263162923912109
1 0.2 0.34049341747726 0.340960208714917 0.339286644038439 0.33939368318527
2 0.1 0.206301290753144 0.206617851606994 0.205723756875812 0.206006422547732
2 0.2 0.274684954005538 0.274542105184551 0.274410457126852 0.274386849280982
3 0.1 0.203148168945653 0.203116245876827 0.202328767407802 0.202216482560278
3 0.2 0.278239455156701 0.27818332949267 0.277843484542443 0.27781359988749
4 0.1 0.200762894247564 0.200552176721318 0.200899977214625 0.201362663865829
4 0.2 0.283216608095299 0.283258472587063 0.288507515032072 0.288993357316574
5 0.1 0.185835326925719 0.186589998521111 0.187145538527635 0.187912357925168
5 0.2 0.262502134107657 0.262573445106319 0.262815247064781 0.262916728077895
6 0.1 0.211515439839724 0.212011614868414 0.215079027038975 0.217094586775723
6 0.2 0.284425159501912 0.284953421248052 0.287020712489062 0.287681996184761
7 0.1 0.184119539205279 0.183997393436689 0.189598117840953 0.190507643248753
7 0.2 0.257468531713344 0.256880401657538 0.261600121260566 0.261603791853992
8 0.1 0.200889874677734 0.199449143180025 0.2048024919504 0.204282194666687
8 0.2 0.27826841404966 0.277915467584837 0.286807416444816 0.286982611055362
9 0.1 0.191064795553665 0.19098428311162 0.185542150978141 0.185082077630874
9 0.2 0.26698454246533 0.266811426249575 0.272501376490533 0.272447299706067
10 0.1 0.237118525814793 0.236102153535343 0.238077182626631 0.237438229621624
10 0.2 0.316191831914093 0.317219042622781 0.313637180251416 0.314567343849598
11 0.1 0.181571098821446 0.181703108702441 0.184709244339047 0.184919320562396
11 0.2 0.272380537983594 0.273137658586302 0.274762472415559 0.275581454980266
12 0.1 0.2170411266935 0.216688559355631 0.216358979829013 0.216111050405213
12 0.2 0.282971519076535 0.282094637962197 0.284930472675432 0.284397506942629
13 0.1 0.199139096230606 0.199047605802295 0.20145768022328 0.201243858671381
13 0.2 0.269415764329714 0.27105597069552 0.269991691470313 0.271605655111027
14 0.1 0.229806223439667 0.2297053742096 0.227153274397487 0.226971880589297
14 0.2 0.289257216627609 0.290371112680931 0.293213293317363 0.294219570708499
15 0.1 0.244395330848548 0.244599232565985 0.24378945718776 0.243811760691566
15 0.2 0.308462214328512 0.308415524331476 0.309256268984155 0.309287711444827
16 0.1 0.18252309835571 0.182922489789956 0.184398687081514 0.185145347009203
16 0.2 0.262317257964914 0.263299865474672 0.266474195707594 0.267676702312711
17 0.1 0.198855856881164 0.199639809674455 0.199738553507441 0.200323623189208
17 0.2 0.271477514109532 0.271431638304088 0.272747228037561 0.272809023470298
18 0.1 0.22502162132815 0.225731325770285 0.226137737077664 0.226839323001733
18 0.2 0.298528203270591 0.298916024970251 0.301127264388657 0.300696001292326
19 0.1 0.214791708640018 0.214674885096558 0.220160051367637 0.22079156790071
19 0.2 0.299157084041602 0.297575154583204 0.297911087250081 0.298991711357275
20 0.1 0.169920400655843 0.170536316184133 0.171064722219238 0.171728025901049
20 0.2 0.2558195642128 0.255721531466168 0.25520068077164 0.254790680872668
21 0.1 0.215202837386662 0.217735452313171 0.214964578029457 0.217204142183909
21 0.2 0.308197448570246 0.307693853287701 0.311236859069765 0.311351210179016
22 0.1 0.171759930961931 0.171972181497411 0.177396820949411 0.177864426875494
22 0.2 0.2414675982612 0.241523135910999 0.244248506378496 0.244314104362477
23 0.1 0.226232377070309 0.225482957455338 0.227626702543397 0.230286828582078
23 0.2 0.286710796584641 0.286081723548102 0.290391997670921 0.289046062659549
24 0.1 0.237337620017963 0.236009498830669 0.236291555308016 0.2349084748801
24 0.2 0.298039202747304 0.297934621452292 0.298730636509209 0.298847342515773
25 0.1 0.214355864497406 0.21932138626201 0.215679522642288 0.220511960987725
25 0.2 0.269894356254187 0.272591344242251 0.272181385657674 0.274050929971555
26 0.1 0.200055630835268 0.200428898003043 0.200747399921851 0.201160913877758
26 0.2 0.273383157241927 0.273655059871023 0.272886100313707 0.273115866517703
27 0.1 0.184703897821604 0.184770638178403 0.185852094097853 0.186184772361711
27 0.2 0.263288755075053 0.26363070865747 0.268318647004325 0.269519646843272
28 0.1 0.203228300098311 0.205253394663202 0.205993065862935 0.20853597947234
28 0.2 0.271166926452826 0.272703216209756 0.272128050877501 0.273327646151611
29 0.1 0.268052526427031 0.270184431105858 0.265841111049082 0.267156823923482
29 0.2 0.32832222970944 0.32902587666741 0.331050382550338 0.331682665708817
30 0.1 0.202774228055786 0.201938377622482 0.205507371028291 0.205106205614034
30 0.2 0.276539910941161 0.27605711059327 0.279383330875041 0.279018623628889
31 0.1 0.197390127558513 0.197829922424409 0.19744215632313 0.197713751025228
31 0.2 0.277159972348338 0.276982460610722 0.279485323580986 0.285159493784277
32 0.1 0.22403446205024 0.223854976021181 0.223361267977735 0.22315983897444
32 0.2 0.284409866663194 0.285946835770864 0.284463312949195 0.285847353096865
33 0.1 0.224341358251573 0.225674110977945 0.223611306289531 0.224584479677412
33 0.2 0.273451663476636 0.273942459445707 0.271191896703612 0.271485801954683
34 0.1 0.189383765911468 0.18889199508306 0.191769910837248 0.189117143302907
34 0.2 0.271053694166696 0.2709059122755 0.273738312904172 0.273807386069588
35 0.1 0.2043892114259 0.202895017067283 0.20492378333771 0.203509317754297
35 0.2 0.285013460486759 0.284638778291793 0.289760592027466 0.288721281743656
36 0.1 0.219914903960887 0.220690802451843 0.220277644045499 0.220991915621395
36 0.2 0.281893573835376 0.282008521058307 0.283325060360182 0.283167906108216
37 0.1 0.186279608206735 0.186882332633702 0.188536411114166 0.189476273016596
37 0.2 0.243377231751357 0.244055535503056 0.242456332210859 0.24303678885751
38 0.1 0.216236294120736 0.215688495471513 0.215962017402405 0.215294932449674
38 0.2 0.302420341626921 0.301787807179035 0.305505380960789 0.305213590997978
39 0.1 0.173633011443262 0.174077155268137 0.177540158688725 0.177733516306618
39 0.2 0.267582210703459 0.266286175462113 0.270235750833594 0.268889376598517
40 0.1 0.194116367116493 0.194363186771034 0.193573099367776 0.194172142183025
40 0.2 0.269694180661682 0.270421512248482 0.270527248833317 0.271714875506663
41 0.1 0.265098739505961 0.265277146409739 0.267027589315068 0.267421480642516
41 0.2 0.317729452492764 0.317566729886375 0.321921016395607 0.321629366994985
42 0.1 0.223500272475089 0.223800130432112 0.218212577547339 0.218296037932972
42 0.2 0.283547530986109 0.283580117163606 0.281078326810649 0.280932301402934
43 0.1 0.270874852534992 0.270009605927603 0.272139323981229 0.271593152428253
43 0.2 0.358721180585205 0.357913090520069 0.362176780483392 0.361689179843641
44 0.1 0.202596479733816 0.204309104288862 0.206749540294394 0.208271118671765
44 0.2 0.26361208118996 0.265039699782772 0.26566414500197 0.267250184482841
45 0.1 0.223715787355242 0.223226582649981 0.224648359347962 0.224281059347516
45 0.2 0.282239870149319 0.282203336926279 0.281923737163319 0.281970355919751
46 0.1 0.214646371326549 0.217143158491368 0.213473546095705 0.216073215687575
46 0.2 0.281914497836765 0.282222842610317 0.28587689680923 0.286132731124013
47 0.1 0.223657431293089 0.224802146175053 0.223682238702392 0.224761629540205
47 0.2 0.305644039041735 0.305509595077855 0.309145748073341 0.304877033863176
48 0.1 0.225235761917286 0.225041554083335 0.226544887491457 0.226702832243668
48 0.2 0.306771661083028 0.306185061911999 0.305202728874549 0.305767517225645
49 0.1 0.20274320491577 0.202638546927667 0.20373716133206 0.203715214514397
49 0.2 0.268025646276141 0.268197712775283 0.267903466300132 0.267409813011748
50 0.1 0.215292420377238 0.216243488690191 0.216004299946245 0.216949152757162
50 0.2 0.286651323710119 0.287240352173898 0.28734408301514 0.288114196555775
51 0.1 0.167920971690532 0.168370897046164 0.170221031719073 0.170766866589236
51 0.2 0.254872114766891 0.255961405552135 0.256974668216848 0.25814506233867
52 0.1 0.215111564621792 0.218118725049373 0.213706192298972 0.217874836367637
52 0.2 0.296643165146327 0.296114360467064 0.299133480157721 0.298196117118609
53 0.1 0.15498122619258 0.158327883781758 0.156501893042013 0.159955121220424
53 0.2 0.235178802425762 0.237767394992042 0.240706776554542 0.242027682250412
54 0.1 0.199068894796365 0.200271856967569 0.199626077844125 0.200848233742868
54 0.2 0.282624237012066 0.282682928114006 0.27999197898155 0.280042178135443
55 0.1 0.189834289114967 0.19261330132581 0.190918083690014 0.19381736202404
55 0.2 0.294622111272316 0.293132830665768 0.298382534467713 0.296927623773858
56 0.1 0.197181875748058 0.196577148576382 0.205088917682275 0.205534733257713
56 0.2 0.259718141352317 0.259425053145658 0.265527598217239 0.26601689849143
57 0.1 0.157328540738592 0.158507487331572 0.158382742208784 0.159945019144083
57 0.2 0.243089616436756 0.243432322660868 0.246412603522139 0.246783296015931
58 0.1 0.262971543050334 0.262535221167359 0.263645903135346 0.263162923912109
58 0.2 0.34049341747726 0.340960208714917 0.339286644038439 0.33939368318527
59 0.1 0.248797039251855 0.247329892907196 0.248756370194989 0.247419857660496
59 0.2 0.31944896245683 0.319461874430434 0.322992764121583 0.323223502685828
60 0.1 0.209639773589116 0.209751025299322 0.212021501357814 0.20985856955281
60 0.2 0.265796340306973 0.26581870475781 0.268250100858251 0.268379864780423
61 0.1 0.181241335067384 0.181185695214519 0.183788662837443 0.184072156364954
61 0.2 0.264007238889069 0.263694584069657 0.263006847638218 0.26276248889782
62 0.1 0.184597076716505 0.184976758380978 0.182434794841572 0.182481625127957
62 0.2 0.291130515056798 0.291599621320245 0.290563894322777 0.291052813920205
63 0.1 0.188252617423003 0.188229148797553 0.189087731491655 0.189099290250919
63 0.2 0.262249124039531 0.262624725010796 0.263795407520062 0.264285884904527
64 0.1 0.156797252831989 0.158659849543624 0.159485250896384 0.16128251556345
64 0.2 0.235266753743837 0.235256577573555 0.239145233099976 0.238872168876545
65 0.1 0.205543154323813 0.205577715544547 0.204332836880693 0.204233006382462
65 0.2 0.276879937799925 0.27669980962422 0.279432892353479 0.276466952504047
66 0.1 0.198298746381501 0.198264548624706 0.196783386458261 0.196046395782635
66 0.2 0.295097324299078 0.295756265987347 0.294779574304188 0.295209930581877
67 0.1 0.18586974741801 0.185607794095242 0.185967679571376 0.185617163111534
67 0.2 0.283169602196337 0.284565775346417 0.283145452093773 0.284432696795224
68 0.1 0.211765445574671 0.211618745108695 0.215935640208915 0.215766663668857
68 0.2 0.289057900482932 0.288767885189154 0.292137889063894 0.292042823384041
69 0.1 0.162911045013545 0.162795133775612 0.163211587135069 0.16307849566254
69 0.2 0.250807311473652 0.250844105732091 0.25232974838713 0.252421104463287
70 0.1 0.248350418573656 0.247676680290667 0.250536285802492 0.250736684103086
70 0.2 0.320844332744328 0.320497457519698 0.321577356081235 0.31997388041473
71 0.1 0.220655330971691 0.218378756419938 0.226098889662377 0.222337046565968
71 0.2 0.293700861520639 0.293408675552912 0.294348975903497 0.294670071286627
72 0.1 0.21549987376069 0.216370065439348 0.216234411081431 0.217242743990733
72 0.2 0.283121846102278 0.282806468318684 0.282018045104275 0.281564922272428
73 0.1 0.209857036918109 0.209342791666708 0.210150479764771 0.209623222532837
73 0.2 0.28874983805232 0.28855661077883 0.290481711397259 0.290358178509115
74 0.1 0.25127591144712 0.252681400920905 0.257020187328333 0.258488646626279
74 0.2 0.300497346258089 0.300466828884141 0.308544031932319 0.308736229704029
75 0.1 0.185139608845097 0.1858224334083 0.188029231169893 0.189153271814492
75 0.2 0.270393309184717 0.270390465443632 0.272392065827666 0.272615870675202
76 0.1 0.214111914675393 0.213424388874023 0.216417748399896 0.215917484582669
76 0.2 0.271237332470051 0.273027042188058 0.271218624179015 0.273372724150629
77 0.1 0.219736760892344 0.219948159671961 0.216787787462303 0.216689948019329
77 0.2 0.276516537592773 0.278212773999728 0.27945585371796 0.280923682205877
78 0.1 0.207706667925104 0.20835705527039 0.211224953833606 0.212477678561711
78 0.2 0.294988387401797 0.294739215855144 0.298964115257671 0.299100959594769
79 0.1 0.21548763473729 0.215065860878792 0.218205717798983 0.218001023353184
79 0.2 0.284118143411138 0.283094778315196 0.286290143130681 0.285510091225449
80 0.1 0.21671343567025 0.216515940289667 0.220276279520811 0.220177888455619
80 0.2 0.2905417862428 0.290664805261447 0.295921410120327 0.29635638320643
81 0.1 0.200790593990552 0.201065585236925 0.201936185118039 0.202046501481291
81 0.2 0.30355606529378 0.303417939449653 0.306949476132195 0.306386053503755
82 0.1 0.183809576512583 0.184194287692328 0.18329851567521 0.183479099982724
82 0.2 0.261570048499059 0.262080064997962 0.271152830304913 0.268110508615482
83 0.1 0.196389774390625 0.196636978020919 0.197331096580903 0.198288402435598
83 0.2 0.276768903252917 0.276799365357071 0.2774493039829 0.27769965213271
84 0.1 0.184409946578749 0.185319523640447 0.185091797795954 0.184597530055547
84 0.2 0.256819041806523 0.256410121198787 0.259342919046029 0.258869322598909
85 0.1 0.235837492863417 0.229950234422787 0.234609396551827 0.228616231187621
85 0.2 0.312832163727991 0.310152801378473 0.314585569622088 0.311840042531903
86 0.1 0.220526390136816 0.220437062376921 0.222775886339655 0.222821652098608
86 0.2 0.302929591443975 0.30350983673467 0.308059984881143 0.308717961466338
87 0.1 0.223708112753905 0.223679839717794 0.227327852502203 0.228543845317795
87 0.2 0.310454723421987 0.311429237451685 0.3125809954345 0.314427647651083
88 0.1 0.197283635834679 0.19688624121239 0.196759318158102 0.196226724347933
88 0.2 0.272818138425117 0.27309904696643 0.273016850241199 0.273344640368529
89 0.1 0.20755950575986 0.208001306968078 0.209379462718408 0.210039853644903
89 0.2 0.268527585653252 0.26927327480287 0.271668869055191 0.272343771546835
90 0.1 0.21362798266959 0.214822199261296 0.21457340610906 0.215580334900233
90 0.2 0.306885115005004 0.307373121391595 0.310339022143322 0.311120022972654
91 0.1 0.216781523531874 0.215192735179711 0.218022275764079 0.215439778000601
91 0.2 0.308570876549473 0.307962440465372 0.307810040586894 0.306909906182642
92 0.1 0.210434804076984 0.210784723493513 0.212439185091896 0.212942609732579
92 0.2 0.263744343484826 0.264394414431698 0.265224142167886 0.266051657016223
93 0.1 0.179159547997166 0.179555978070461 0.183710922470082 0.184920818362575
93 0.2 0.264243459024718 0.265265487634756 0.265718190004761 0.266722564621387
94 0.1 0.186683724100283 0.189014123600505 0.189611931817918 0.19216362143256
94 0.2 0.240687825348375 0.243214178409361 0.246080911614273 0.249035989376706
95 0.1 0.18592482797064 0.185706833939236 0.186742612207525 0.186629096653645
95 0.2 0.269256540786087 0.27084521255404 0.276573103601571 0.278061741131366
96 0.1 0.223533594900719 0.224031155837177 0.221958436953667 0.222076555930434
96 0.2 0.292456036829137 0.292022478786681 0.296852181407113 0.296294382130128
97 0.1 0.190511682318494 0.191533350066058 0.19267848895422 0.194067252292357
97 0.2 0.264110222530996 0.263942796849392 0.26973346597189 0.270383540781226
98 0.1 0.192616726459435 0.192929161561247 0.191988930065129 0.192361668162697
98 0.2 0.267788108285521 0.268168894453597 0.273874109386748 0.274099077757266
99 0.1 0.214733355339383 0.215417248579178 0.212494266352018 0.212780764250991
99 0.2 0.272599888964178 0.273713422492985 0.272339661775484 0.27334279530377
100 0.1 0.230139285302741 0.230770662028536 0.234999224755089 0.236264347690536
100 0.2 0.277444021370194 0.278961536176463 0.281405331778625 0.282714517996651
