1 0.1 0.0365348130252286 1.48854324888774 0.0194958883717066
1 0.2 0.0926372089652058 2.91522816050629 0.0231516919669064
2 0.1 0.0221664785432108 0.869640228020402 0.0119789992102056
2 0.2 0.045516302198448 0.801472560855465 0.0106287182407509
3 0.1 0.0401184661519963 0.634265804606192 0.0223700575276791
3 0.2 0.0580077681907539 0.780761672936879 0.019743768215874
4 0.1 0.0172559181084477 0.300370375820431 0.017307464336315
4 0.2 0.0510473333514494 1.414318636236 0.0259360026965158
5 0.1 0.0415419708689939 0.530096716631724 0.0151530448047773
5 0.2 0.0954628938910868 0.554464350257983 0.014670054578352
6 0.1 0.0288441651330599 0.598504199020596 0.0142437390627594
6 0.2 0.0666037407686957 0.615509520855395 0.012809126181838
7 0.1 0.0184250077264253 0.395769048341852 0.00737749909382479
7 0.2 0.107867394191211 0.411318176608115 0.0116966268914642
8 0.1 0.00989742474450527 0.448685350411571 0.00700469237815023
8 0.2 0.0526807874119359 0.539665975813329 0.0102989883575429
9 0.1 0.0187338337519419 0.422944935964917 0.0265054134842041
9 0.2 0.0483808296731472 0.389803078325173 0.0258941905710668
10 0.1 0.0239282456769647 8.14548334817152 0.0111663558683072
10 0.2 0.0612439637263363 7.34678115892506 0.0181225838726528
11 0.1 0.018317877411935 0.367185272855011 0.0111936867018564
11 0.2 0.0407421618044766 0.374371825389818 0.0187719292471259
12 0.1 0.018581995714395 0.289867105202351 0.0101761691496792
12 0.2 0.0919862166340384 0.267122679243997 0.00830468679902527
13 0.1 0.0259819239727597 1.26729194817168 0.0135854531344881
13 0.2 0.0700273427907509 2.06857101546085 0.019719301050267
14 0.1 0.0425078288710585 0.99210508928815 0.0330683450629428
14 0.2 0.0493034691091963 1.04650083367726 0.031365350430005
15 0.1 0.0257461563970222 0.865179141246897 0.0211955190538419
15 0.2 0.0728019339487576 0.575335927407111 0.0243550229623565
16 0.1 0.0222473700022015 0.575412715190885 0.0136494151071902
16 0.2 0.298071887446688 0.663012328935187 0.0190366507212756
17 0.1 0.0271838791757792 0.396699200135856 0.00554724245001423
17 0.2 0.101872481478836 0.472585665737256 0.00814316369130525
18 0.1 0.0241534588335826 0.446467256262886 0.010256461934012
18 0.2 0.081519159789299 0.39298831742322 0.00963554667826912
19 0.1 0.0306056263220936 0.867024763181739 0.0104399676404403
19 0.2 0.0559313073268735 0.775020369499302 0.00810909172608003
20 0.1 0.034447630342253 0.392636923400574 0.0141663111063688
20 0.2 0.0860895143071873 0.528668688344921 0.0178595889561839
21 0.1 0.0193125666516287 0.333412659504916 0.00627257598025722
21 0.2 0.045775772951907 0.416151808417761 0.00857543274648116
22 0.1 0.029359745466194 0.509215700598601 0.0133258810460165
22 0.2 0.0593026599917633 0.616382054196699 0.0107907283687581
23 0.1 0.0188737799241824 0.467448976716866 0.0212705946167857
23 0.2 0.0690313667823654 0.724458751524561 0.0230033607410081
24 0.1 0.0149351122482287 0.364702329399975 0.00991110447298806
24 0.2 0.0592092185630781 0.431046139789889 0.0197523578132122
25 0.1 0.0311464345619701 6.16782592200558 0.0242023001223151
25 0.2 0.0826320613779994 0.590664901674024 0.0269994705612282
26 0.1 0.0355438768548244 21.8073531909498 0.0181219800429917
26 0.2 0.0731402020696568 22.5383491281161 0.0140512557509813
27 0.1 0.0328414979489853 0.413822222190688 0.0118797916632386
27 0.2 0.0524790251033208 0.490786825350773 0.0132396382388987
28 0.1 0.0338467042952364 1.06476491072482 0.0152847896075554
28 0.2 0.0849276635049761 1.25557346662615 0.0123540049284632
29 0.1 0.0237283220281557 0.680483886644262 0.013818861905284
29 0.2 0.0564259062706923 0.690261122726972 0.0148920040440882
30 0.1 0.0752564917046417 0.358219124195686 0.0142434402999662
30 0.2 0.100290090830493 0.337986173362813 0.0196918730591318
31 0.1 0.0209175881639325 0.641501832605326 0.00892327125228866
31 0.2 0.196676074014337 18.5858744197118 0.0120776147538556
32 0.1 0.0401768273037002 1.00841427709045 0.017062463871356
32 0.2 0.0577486650589459 1.57183290789216 0.0317984723807609
33 0.1 0.0233273302666714 0.729876816930807 0.0159242444580499
33 0.2 0.0432954360260924 0.814485936026113 0.0180904968245853
34 0.1 0.0293897680432404 0.596747250997736 0.0311329958293167
34 0.2 0.086254876612569 0.57888552029198 0.0534038560793905
35 0.1 0.014493582689115 9.66950996097743 0.013385978860419
35 0.2 0.0568980516055584 15.6994328469753 0.0148685642406929
36 0.1 0.0246048430495418 0.372287990847165 0.0133231045833232
36 0.2 0.0484840566614533 0.394654206997431 0.018496147367533
37 0.1 0.0406523762000227 0.802678682732588 0.0325938293122523
37 0.2 0.151845880092315 0.771117992470499 0.0491768174641233
38 0.1 0.0298746151044136 0.199031593893362 0.0152608762929411
38 0.2 0.0752773510737584 0.185379866851159 0.0119312462856723
39 0.1 0.0297208819025648 0.46328690870086 0.00842340439368588
39 0.2 0.0547082170978623 0.455442460819463 0.014990565879107
40 0.1 0.0492260710164698 0.46940863584321 0.0131380376040696
40 0.2 0.0645162465227299 0.46541391007417 0.0197703965291463
41 0.1 0.0466527939103549 0.540661425561282 0.0277715700411298
41 0.2 0.0939111971096077 0.476054373264782 0.0453878710751437
42 0.1 0.0325384690268335 0.202658862167048 0.0146865868927537
42 0.2 0.0590603317328647 0.279195704780649 0.0192255395452597
43 0.1 0.0259014732135706 0.359032991253183 0.0120573680904781
43 0.2 0.0491804245733716 0.336833192648231 0.0150881169912408
44 0.1 0.0265612421542837 0.582141037340286 0.0121678633498192
44 0.2 0.0802661430492053 0.567522647182585 0.0193234760239516
45 0.1 0.0500948690373265 1.27329177374574 0.0261887738560197
45 0.2 0.0621092681556314 1.75488022624445 0.032338781686694
46 0.1 0.0429498703771633 0.344518414703604 0.0169586600935552
46 0.2 0.0667970866166468 0.402971290274792 0.0136552921931682
47 0.1 0.0296794815597937 0.290896394999119 0.0108564703248804
47 0.2 0.0586471882318477 0.270170547383149 0.00867314636509949
48 0.1 0.0213573866609658 41.7616598900367 0.0122038343339847
48 0.2 0.0562688285680455 52.6663955995206 0.0188801158357287
49 0.1 0.0514495472817285 0.629751794940965 0.00644693234720697
49 0.2 0.0771233664140205 0.575702323445765 0.00663465387690983
50 0.1 0.0406928865385774 1.01722596575056 0.0370581212578398
50 0.2 0.083650897723636 1.08648899221443 0.0234835497393692
51 0.1 0.0183123873464783 0.334218759940539 0.00704816683837794
51 0.2 0.0539206628409043 0.410734783804627 0.00702652070480018
52 0.1 0.0476451030241349 0.503338172414835 0.0403900139864536
52 0.2 0.095699575616945 0.457486406153772 0.0342556341348507
53 0.1 0.0321882194385595 0.397227446275785 0.0186238812713367
53 0.2 0.106058709514214 0.443621711752588 0.0266007961340583
54 0.1 0.0557900703931163 0.993834050798956 0.0388536598626824
54 0.2 0.268098257354558 10.474436925795 0.0498514567713645
55 0.1 0.0321880654073383 0.503919013296741 0.0103452705678908
55 0.2 0.0763215933998352 0.495113497282587 0.0147705960874183
56 0.1 0.0542051183314616 0.379146446801002 0.00605231404647117
56 0.2 0.0900267466466737 0.349683025480881 0.0138772222302596
57 0.1 0.0264966686168679 0.386358267441963 0.0124664493601583
57 0.2 0.0577223494537684 0.99162419056243 0.0126230600610972
58 0.1 0.019409187530826 0.537802174706167 0.00824541297972257
58 0.2 0.0431553753924042 0.592921667135268 0.0106958911284206
59 0.1 0.0183410123398382 0.37665794672597 0.0145126781274934
59 0.2 0.0647092580537021 0.430809527258417 0.0107927482292197
60 0.1 0.0345121753944 0.303438621711343 0.0112028110048395
60 0.2 0.0652324573861369 0.347424587205582 0.00936612533894076
61 0.1 0.0354494450994159 0.285336854708833 0.02336092483144
61 0.2 0.325708895437156 0.265992366621735 0.0257580263022528
62 0.1 0.020926015959568 0.532220622404642 0.014578288928785
62 0.2 0.0517497927923147 0.58772315963119 0.0275497802812667
63 0.1 0.023305601421754 0.422531783150076 0.0177222537207439
63 0.2 0.0583105032324511 0.426958337788128 0.0187092626396069
64 0.1 0.0313744028039547 0.410352526435268 0.00910082093675175
64 0.2 0.0569389590775022 0.484356242181161 0.012032808292203
65 0.1 0.0414689792880145 1.40076912586602 0.0146737433849549
65 0.2 0.0678147380835067 1.73788886970109 0.0155405515963919
66 0.1 0.0485124130617895 0.412409080637545 0.00815308393409766
66 0.2 0.0561774875423722 0.317098366857252 0.0111652111626761
67 0.1 0.0230006000069146 0.958486926342462 0.0166603666511263
67 0.2 0.165873919323238 12.8423086804313 0.0250792573620406
68 0.1 0.0304243738969101 0.741543519017116 0.00994603668199826
68 0.2 0.0577919820750636 0.935054335631534 0.0101330413186534
69 0.1 0.0186802634571602 0.330539698566186 0.0167600774290934
69 0.2 0.0522558842640091 0.279601590049189 0.0217759761334279
70 0.1 0.0205901441847218 0.498178901871995 0.0151722773941872
70 0.2 0.0583209970338094 0.468814378865088 0.0158256552590092
71 0.1 0.0267722855526781 0.696159833627285 0.00826333509045681
71 0.2 0.059686159361589 0.942793498962149 0.00903961774391295
72 0.1 0.0438218597122986 0.611677341344275 0.0159434239231564
72 0.2 0.216243530764954 0.868216848966967 0.0194860373125698
73 0.1 0.0326765068553997 0.354085774827231 0.0286866457706954
73 0.2 0.0748632042267029 0.477669653085309 0.0235012227224014
74 0.1 0.0298503534379168 0.408513284428045 0.0172736334919568
74 0.2 0.0574213283343519 0.405063965198083 0.0204768593807072
75 0.1 0.0260190107786188 0.375433112562679 0.0165324666252046
75 0.2 0.0570436626506561 0.307693064679188 0.0152818247367549
76 0.1 0.0199334819184326 0.711279200203194 0.0117014042474573
76 0.2 0.293241865917912 0.611537107577796 0.00541601289224333
77 0.1 0.0234475958469287 0.31289618934044 0.00876126072512967
77 0.2 0.104986859373703 0.29451658572129 0.00962943613268004
78 0.1 0.0170552460094912 0.373307531794438 0.00660964087431166
78 0.2 0.0643857558082985 0.386403628310124 0.018224619068303
79 0.1 0.0251433411391312 0.22145207443841 0.0285334527657963
79 0.2 0.287890186506214 0.224010487807741 0.03332604321693
80 0.1 0.0299423496443861 0.332812893050136 0.0183782158275774
80 0.2 0.0440335497881241 0.372391047380683 0.0312127846551731
81 0.1 0.0347696615230798 0.364408902012106 0.01274867910784
81 0.2 0.0558923899455906 0.329508938264653 0.0123633158821521
82 0.1 0.0136428325049055 0.275993655330404 0.00904241439979495
82 0.2 0.063014548710467 0.287521658794017 0.00902620937403124
83 0.1 0.0154722562961273 0.364300017228179 0.00636841124653069
83 0.2 0.0493724503887046 0.458686570216993 0.0193733074257382
84 0.1 0.0181119527990823 0.447481621147207 0.00977916566421191
84 0.2 0.052932200016122 0.487477370826568 0.02064727485552
85 0.1 0.0287955446607362 0.442754661086809 0.00848500249433385
85 0.2 0.0633193861754734 0.44801043219199 0.00940147703209059
86 0.1 0.0406166603196071 0.340868332868722 0.0123301554659195
86 0.2 0.0778990771944022 0.247530395221871 0.0120235577988147
87 0.1 0.0250961161156489 0.821806705725684 0.0222036535624422
87 0.2 0.0405124026443558 1.07365105306119 0.0232461266831754
88 0.1 0.0657184227711792 0.309089526065633 0.00870798586188703
88 0.2 0.0761369903403875 0.387826079303898 0.00842682702687231
89 0.1 0.0695080171016909 0.40353443814401 0.0146537205117387
89 0.2 0.0819220827111763 0.362555821690043 0.0198720503115818
90 0.1 0.0232473389787709 0.292604651803883 0.0125093179690248
90 0.2 0.0568486901684592 0.3229582190609 0.0147020926729729
91 0.1 0.0478734573914952 0.630865568807551 0.0160258684183166
91 0.2 0.0748797041744701 0.673643204849975 0.0349401129199438
92 0.1 0.0375943648680941 0.605886545326196 0.0191782295360342
92 0.2 0.0626110055762548 0.886527109301207 0.0173099961313452
93 0.1 0.0131940016823783 0.417848835055372 0.0198228547943244
93 0.2 0.0866006016400735 0.343809387847617 0.024754220852379
94 0.1 0.0485922203809822 0.463357462387713 0.0130902500416576
94 0.2 0.0610590797723074 0.443324820872856 0.0167127463930951
95 0.1 0.0293169304747266 0.935552943330205 0.010963628689079
95 0.2 0.0691595201478821 1.07098040819581 0.011039584073845
96 0.1 0.0328805857331874 0.478286652574601 0.0121813929840121
96 0.2 0.0521654427220807 0.40564241870172 0.0102463149282205
97 0.1 0.0394205128721815 0.881522787656479 0.0291936092003275
97 0.2 0.0588436903214945 0.851876924501231 0.0351195092967607
98 0.1 0.0314073169216143 0.469039044853123 0.0113568748880701
98 0.2 0.0672567030161211 0.401806607542343 0.0156774560207369
99 0.1 0.0242119555877351 0.525082887938405 0.0105932775757401
99 0.2 0.0512594495241528 0.79491518223501 0.0158540218845986
100 0.1 0.0269659713686788 0.347957340191706 0.0302768154970475
100 0.2 0.0543468006295613 0.282787270746624 0.0294238080603656
