1 0.1 1.98628368906577 1.86888983273948 2.01911429175807 1.96349843888702
1 0.2 1.90398267454566 1.41422389754147 1.90591899066238 1.4095155727187
2 0.1 1.63466217593455 1.5444098520302 1.63550897823079 1.59195961511686
2 0.2 1.49264730333631 1.28797714718324 1.49547555034172 1.34173810476435
3 0.1 1.14422677477269 0.872019735258001 1.16664720449991 0.967264938471817
3 0.2 1.12726057457437 0.995727125106504 1.17383188685317 1.0386435241281
4 0.1 1.17702744061743 0.960599701044691 1.2068948688583 1.0358487921217
4 0.2 1.21185895245306 0.960567101107654 1.20869279680126 1.00992481210724
5 0.1 2.72356921278303 2.22737293852382 2.75682745672799 2.29324894042586
5 0.2 1.87278640228845 1.69210396966525 1.90000104166707 1.72861606448104
6 0.1 3.05916370688497 2.23215182762792 3.0880296545463 2.1978619706927
6 0.2 2.29055904501586 1.95044175237666 2.3101214750425 2.01433378661782
7 0.1 1.79013104250549 1.31975677494456 1.79132142904597 1.34103894997486
7 0.2 1.45934414423756 1.31726615669774 1.4602294135902 1.32623038728215
8 0.1 1.88424635528441 1.5165530938023 1.88963565422503 1.55135323370767
8 0.2 1.43163549493049 1.31787823599262 1.43163984811551 1.37001849204076
9 0.1 2.3532513976907 1.56982276415472 2.37619747667759 1.57474573422672
9 0.2 1.83137006897793 1.43545031170285 1.8350971227158 1.49905209431707
10 0.1 2.17925514025815 2.18780178594238 2.24152525480305 2.21524285651008
10 0.2 1.88495687625523 1.85755544091319 1.9779812869185 1.91338599839719
11 0.1 1.5981777831702 1.27879356342232 1.59958917213522 1.28299293454002
11 0.2 1.43506475167547 1.30278588890968 1.4454410736476 1.28783134477964
12 0.1 1.48167400603061 1.09679230874197 1.50893775859488 1.10590370405126
12 0.2 1.49012167967649 1.32637714813516 1.50150438857114 1.36466884060543
13 0.1 1.25927719763464 1.30829761673664 1.26828066831943 1.36128539486353
13 0.2 1.24905686979542 1.07767120670425 1.24818950297837 1.08479312270752
14 0.1 1.58642968051285 1.57481372392256 1.60161546304289 1.60430477765396
14 0.2 1.29530973768518 1.31536247563707 1.30009424729732 1.32152995211194
15 0.1 1.93940817214743 1.84560695453723 1.94561711002946 1.88734752306773
15 0.2 1.5562188063705 1.35592157661789 1.55447719473326 1.36273977740608
16 0.1 1.73903093929458 1.36517889734212 1.72650644617625 1.3419811502803
16 0.2 1.34890973262142 1.149338720238 1.33072872096676 1.13912031181477
17 0.1 1.60452931600316 1.34002678502529 1.60915607246144 1.3766991872027
17 0.2 1.35445177502839 1.25000088497077 1.35996245447858 1.2875754575846
18 0.1 2.81613643011556 2.19967550812264 2.78889438660676 2.16917602989459
18 0.2 2.31113008185025 1.94986810342585 2.32080178588078 1.99695015904061
19 0.1 1.62486103779583 1.32241268587962 1.66243735078357 1.25321827951964
19 0.2 1.50562891993353 1.3375634305762 1.54347234378047 1.37245627685572
20 0.1 2.54336513785957 2.00926961169024 2.54279209305847 2.06525638473973
20 0.2 1.89947955151005 1.67396579967445 1.90139476788735 1.71861529279516
21 0.1 1.78875781695917 1.4972114003227 1.78360942788961 1.52171362055092
21 0.2 1.52070226239907 1.35489006332077 1.53148872654101 1.38289370878216
22 0.1 1.7814706012249 1.44084697376905 1.80364317767479 1.48451325710795
22 0.2 1.45674886836015 1.40013572022333 1.47707579372333 1.48913628361438
23 0.1 1.23916670574803 1.00842133937812 1.25353756800769 1.02669179978838
23 0.2 1.10868693913782 1.02245990656074 1.12643324604345 1.04211387284927
24 0.1 1.87674902902646 1.74164870230364 1.89193363150951 1.77915738675611
24 0.2 1.42041713849905 1.30550417659537 1.43023030545008 1.31552495975411
25 0.1 0.995857596217739 0.975197581045846 1.1235985729049 0.989359479163647
25 0.2 1.43202799867066 1.22476657214973 1.42963410835615 1.24426873342844
26 0.1 2.10993857778223 2.0083097995534 2.2439505424947 2.02898636493303
26 0.2 1.91053045063724 1.8787374587428 2.14465065368532 1.9086363576534
27 0.1 1.26991948794747 1.12901633339221 1.30701580007889 1.16352828912862
27 0.2 1.13614000112387 1.00681046815986 1.17013677603197 1.02936438332663
28 0.1 1.34923575174075 0.997914933340012 1.35669952426008 1.02496960094177
28 0.2 1.29546769931713 1.11359464425916 1.30659059735127 1.17025759297041
29 0.1 2.91319603098274 2.21462115976698 2.91457952501167 2.22719862288779
29 0.2 2.12645997324868 1.85508638341842 2.12518071344589 1.87865157529513
30 0.1 1.16424961821023 0.958737719679689 1.20223158439193 0.987533135078016
30 0.2 1.05875053199624 0.934130405036457 1.07465214627884 1.02787862316894
31 0.1 1.02548521735438 1.19929164240073 1.02684789034041 1.27335239588484
31 0.2 1.13598227707275 1.04756708096216 1.21638485820452 1.08291386779572
32 0.1 2.88426899509901 2.80688220547774 2.86804653886741 2.80579259523408
32 0.2 2.19393351910253 2.11712652387277 2.20846233977203 2.17243721598568
33 0.1 3.16487292232085 1.8430158986043 3.16397070189374 1.86961034381269
33 0.2 2.69019000400275 1.89524909819916 2.69202768826981 1.88700147590491
34 0.1 1.64589244600497 1.37148991547744 1.65007134574589 1.34251185170309
34 0.2 1.52629731774769 1.489951451345 1.52282803335736 1.40689754960442
35 0.1 1.65065841195792 1.4957063754461 1.5835202900982 1.50861531686877
35 0.2 1.72826040271576 1.39942653214754 2.0615569245522 1.41434929397123
36 0.1 2.2208761872273 1.90234087231678 2.21257393178468 1.91030379419495
36 0.2 1.67667288450669 1.52266382191641 1.65877388747494 1.55830863765373
37 0.1 2.06405963723702 1.68565168130467 2.06425228760933 1.71774769088254
37 0.2 1.70791954832199 1.38182671628821 1.71992958004391 1.39271801433982
38 0.1 2.35289153133882 1.98080961121549 2.3449758822776 2.02716530835529
38 0.2 1.88566413472691 1.71492532649677 1.87686459915264 1.73772433395368
39 0.1 1.24121478967064 1.10166493866389 1.22987423515403 1.10787365119196
39 0.2 1.14486719426162 1.04788796311006 1.15284568407644 1.06844003048637
40 0.1 1.1647097577405 0.926714692393762 1.16261328805967 0.934719272474983
40 0.2 1.07416098794928 0.924515777231986 1.08418500848827 0.91908694053587
41 0.1 2.65037572251877 1.98745758649723 2.65274895966676 1.99001149284804
41 0.2 2.15354174498766 1.82772653901277 2.16428214193475 1.87103654044567
42 0.1 1.74405897627978 1.2269615606036 1.74168569607408 1.2142297169067
42 0.2 1.33202860009377 1.13922005171301 1.34308530955261 1.17356886297711
43 0.1 2.22932708424967 1.70938395200664 2.24027824068461 1.79369816628999
43 0.2 1.60749456381572 1.41112222513278 1.6320519372241 1.47556134684363
44 0.1 1.9090142352887 1.20977609104378 1.89377925322536 1.19475017779172
44 0.2 1.73642217993615 1.36204142364274 1.73174977583515 1.38276571509714
45 0.1 1.16479204073178 1.22265857667974 1.162258462292 1.29937671447463
45 0.2 1.17171258524614 1.31815875181862 1.18458516087975 1.49242877635322
46 0.1 1.90997377239918 1.26344592900396 1.92903745239037 1.27648867367186
46 0.2 1.56377854452645 1.27610663652008 1.58067767238781 1.30641402977123
47 0.1 2.69491321553556 2.23443672725807 2.68383067536957 2.30343623992321
47 0.2 1.9119042893488 1.73014336364919 1.91255750239855 1.77049749301874
48 0.1 2.09640170915555 1.88945242164156 2.29876571353905 2.16030649794685
48 0.2 1.96120976997466 1.66114441010687 2.52032077919371 1.91506091183676
49 0.1 1.48483224924128 1.25512004089761 1.5443823532958 1.32801240655653
49 0.2 1.23955225817264 1.04045645435298 1.24696835073427 1.05205226447122
50 0.1 2.33534638133792 2.14617489059904 2.33714423420445 2.18250898815998
50 0.2 1.93005447124437 1.76487322158412 1.93788590339281 1.77476007492744
51 0.1 2.21913889833063 1.81758357594888 2.21918318350518 1.8388489386192
51 0.2 1.62460395263231 1.41662991618679 1.64895053283408 1.42909769046124
52 0.1 1.95311316026888 1.65100129426088 1.98035596408194 1.72938570538801
52 0.2 1.7314044445264 1.38469194138794 1.78408316325018 1.39860099534008
53 0.1 3.36151693956928 2.40603168017385 3.35862687909262 2.41190780759443
53 0.2 2.29766611069007 2.0082195467473 2.30094339149218 2.09940072823097
54 0.1 1.9753346388277 1.72221133484292 1.95386081583994 1.74731384849786
54 0.2 1.5332316183831 1.48938818481637 1.67552971678731 1.4985574174781
55 0.1 3.18539999788988 2.64104253786406 3.18910163148234 2.73613903913115
55 0.2 2.33000680461112 2.13394639839763 2.32639232518183 2.19295700509486
56 0.1 4.92390194630001 3.5844744645446 4.93305096779312 3.50628198645272
56 0.2 3.48838984678476 3.02086175801767 3.48580632931183 3.059867338612
57 0.1 1.67804301406271 1.62061392296875 1.67865888456162 1.68641346149061
57 0.2 1.5421380718864 1.44053225927562 1.54139638373576 1.46643810746799
58 0.1 1.4509622111788 1.08487430933741 1.47866372797415 1.08353268735762
58 0.2 1.25349375332582 1.10129699843255 1.29655636176455 1.08558790157926
59 0.1 2.37525929867137 1.95630805875812 2.37818175339361 2.02490465749357
59 0.2 1.73872458717103 1.53794978338262 1.73624993794709 1.56297594872149
60 0.1 1.772733705863 1.25694528872907 1.77542859340191 1.258488961561
60 0.2 1.30258525613601 1.16887246844296 1.29903034899467 1.13657183381083
61 0.1 3.05014265999749 2.10379645977324 3.04878707379803 2.14078179808096
61 0.2 2.23762478246127 1.78342831625079 2.25521842668035 1.81112333196815
62 0.1 2.33617436816806 1.96669590406854 2.33043924437137 1.99084163268791
62 0.2 1.8020319181803 1.72488164592941 1.80667606786563 1.76599807784565
63 0.1 1.84057851380395 1.43535404915759 1.84796712917033 1.7210653647497
63 0.2 1.52999285473459 1.37748750185412 1.56365994467488 1.50417083634134
64 0.1 1.21336043478295 1.11751648997701 1.24046951610259 1.1512611648761
64 0.2 1.03882911027355 0.919744663270509 1.05663228009151 0.957917270832682
65 0.1 2.69075571672271 2.58019081328345 2.68792300945738 2.63013582589696
65 0.2 2.13601792618095 1.91900242664216 2.13616095306226 1.93062076425666
66 0.1 2.78693975841919 2.18299231718614 2.79403927393519 2.18735039397682
66 0.2 2.25457933765553 1.92091171561389 2.27878453417117 1.95894642473754
67 0.1 2.29190062766994 1.85532572734622 2.30141090784846 1.9378378906147
67 0.2 1.65486587359675 1.51218029784849 1.72694966186498 1.47948553425786
68 0.1 1.67849210625562 1.36556037938176 1.67712705590971 1.37919170256862
68 0.2 1.50498621356505 1.24686837425554 1.50768822391656 1.26957113654624
69 0.1 1.70708838068884 1.54573480689054 1.6797819431486 1.61272769370053
69 0.2 1.18475721822309 1.12461278773421 1.17937337998094 1.13017609433224
70 0.1 1.2394189518222 1.1020585003723 1.24981619304987 1.18243604043002
70 0.2 1.16320435828559 0.930543135425315 1.18341901099697 0.917907679476857
71 0.1 1.89240347835237 1.74121670780266 1.90038741440459 1.7918558554485
71 0.2 1.59644609150181 1.41238931900269 1.59772822908839 1.47187493708591
72 0.1 1.18558593706539 1.03890128487719 1.1867984994608 1.0667898468031
72 0.2 1.19833255453238 1.04174925613444 1.20814486098441 1.03121173625097
73 0.1 3.16435898097518 2.65824653858964 3.16736319124451 2.65252382284761
73 0.2 2.159048932321 2.00047487813796 2.15724110720008 2.00902981220054
74 0.1 1.4185072637666 1.12686817340558 1.4282731454625 1.13058515693459
74 0.2 1.30593030554562 1.14196030901254 1.33093063396691 1.14852308496757
75 0.1 1.51374717602306 0.993604407268243 1.52126682157035 0.950526628303547
75 0.2 1.31770563512796 1.067146626866 1.32921710681767 1.12422804864885
76 0.1 1.44563615603088 1.40410110681716 1.44409585922746 1.41974225131065
76 0.2 1.30045553569194 1.25910867372477 1.30950845434716 1.25587821660467
77 0.1 1.77253440274185 1.37133049837633 1.77562348358584 1.39086221635582
77 0.2 1.49060785631288 1.33890416184484 1.49459520155295 1.37476013300088
78 0.1 1.33551027041909 1.18983449377438 1.33536457238719 1.18927413133277
78 0.2 1.14762449822884 1.17726023282149 1.15520093844188 1.21984338873684
79 0.1 1.51246147511599 1.21572760320918 1.50340057365655 1.2962275604496
79 0.2 1.21208030827911 1.0862702226889 1.21264331695778 1.16661966241228
80 0.1 2.68290210757665 2.13103003459881 2.70019225294746 2.14265787624749
80 0.2 2.00012613811684 1.72445652486975 1.99987840339041 1.72873237861373
81 0.1 2.11765638598561 1.66317885837916 2.11411012706031 1.68977505330935
81 0.2 1.89542295654549 1.67683015098669 1.91534062041052 1.71981493462886
82 0.1 1.76193722493846 1.27150149416532 1.75705694035478 1.29149307349739
82 0.2 1.51284068357309 1.35397297016988 1.5147332472377 1.37474788284899
83 0.1 1.34143350360472 1.16633130906354 1.34532984607273 1.20475984213029
83 0.2 1.1919213295864 1.0944118240817 1.20057142908805 1.14340024243901
84 0.1 2.92060568487177 2.3663300778798 2.92112471789782 2.45532978780956
84 0.2 1.99741140799168 1.85279510952485 2.00789177713058 1.8940636517063
85 0.1 1.82535095991579 1.29902989191151 1.81633404590433 1.26328667531783
85 0.2 1.42296517253188 1.20471810054593 1.42316660571482 1.19421236672078
86 0.1 1.88926261975735 1.70876821449102 1.8893520199503 1.70002442468583
86 0.2 1.6213461409937 1.50275617947851 1.62930630466978 1.54339163607531
87 0.1 2.10996832350025 1.8349664343693 2.11339148456788 1.75560400381733
87 0.2 1.55945090034181 1.46462879084269 1.5471207226571 1.35924514895493
88 0.1 2.00704587487859 1.49940505781549 1.99372740502238 1.52291403594093
88 0.2 1.77189524393838 1.4334785795787 1.79834337784376 1.47441703017717
89 0.1 2.24642189667489 1.62640467764139 2.2667860784566 1.66107127543829
89 0.2 1.87792287686768 1.58614691135343 1.89215530793249 1.61076622045397
90 0.1 2.12845635150256 1.75042935452705 2.14328981912695 1.797506304459
90 0.2 1.6543947474193 1.532119522248 1.6451300583193 1.58678014143725
91 0.1 1.49548284648913 1.23015829650514 1.49924370581575 1.25116707844568
91 0.2 1.3189185279375 1.10434773363088 1.33647456309431 1.12565887380951
92 0.1 2.55366060470778 2.09611832662906 2.56017681384711 2.03591218807809
92 0.2 1.87138681053365 1.706899812661 1.87068999361146 1.72037663672715
93 0.1 1.93098256227323 1.7504921033264 1.93045040377346 1.77217088422822
93 0.2 1.50695903303016 1.40069174050175 1.49612017171353 1.40954779208906
94 0.1 3.17414536335735 2.54370452811234 3.19493045927567 2.51116874619882
94 0.2 2.27131034959093 2.00795012598562 2.28234461113435 2.01847540221707
95 0.1 1.29680482610305 0.858945313271998 1.29376564447434 0.989181811873808
95 0.2 1.284857920643 1.0043617500309 1.28036843197607 1.08533571513299
96 0.1 1.96592701672779 1.40614214708017 1.96279625919356 1.41764581270515
96 0.2 1.7936546901773 1.51800229425773 1.80517220647094 1.54252751361409
97 0.1 1.90146208439822 1.52196482574785 1.88450804279076 1.49628034863911
97 0.2 1.57937443263771 1.30655124154782 1.58423319969856 1.2921006782902
98 0.1 2.01803752509504 1.38456314786506 2.03643672816834 1.35534994319713
98 0.2 1.84165855866724 1.52781641979634 1.84063261697792 1.51267982693038
99 0.1 0.993789497753863 0.836277761491835 0.998516331337143 0.835389710900312
99 0.2 1.00413801519606 1.04289697740581 1.00812185056299 1.0908871532506
100 0.1 2.70218875002384 2.12226706541429 2.72561134730554 2.08573536611384
100 0.2 2.29058597014751 1.95446514745508 2.28036862277005 1.99009684714348
