1 0.1 0.0458433692002805 0.37771311176795 0.0465011891737395
1 0.2 0.0732702890098983 0.412254681405771 0.0450987030731287
2 0.1 0.0157416735703156 0.819799840649832 0.0198518541184638
2 0.2 0.0562713734744083 1.07631884467943 0.0370849407801833
3 0.1 0.0933473870340566 9.44152929730002 0.0231160493213273
3 0.2 0.139609417635115 10.5056810420355 0.0337604826680517
4 0.1 0.0344581255471428 0.670254855978032 0.0245264673652721
4 0.2 0.0840300444320376 82.4994191072162 0.0358006368826763
5 0.1 0.0456847712637449 0.369944635490612 0.0327406311346393
5 0.2 0.0706204277398305 0.485295829043754 0.0635272140467671
6 0.1 0.0607665151102166 1.09980467448075 0.0520462200784807
6 0.2 0.0446856032424797 1.18915801909835 0.101356089519417
7 0.1 0.0177784705447017 0.564893412440421 0.0188086856758991
7 0.2 0.0415868414698919 0.929005601498236 0.041216002030672
8 0.1 0.0409000425079531 0.781895169430838 0.0549058643094949
8 0.2 0.0513871287572132 1.49991693041748 0.0925331495085911
9 0.1 0.0692680681376214 0.483093901141244 0.0143967713598351
9 0.2 0.079889779988734 0.412419311723122 0.0313709482993841
10 0.1 0.0524882169141326 6.10313137872414 0.0217734928467974
10 0.2 0.0639386872444578 1.10138997695775 0.0299932444128539
11 0.1 0.0442861801086243 0.844284882873613 0.0335844335709264
11 0.2 0.0710121225816074 13.0872386587297 0.0411105555054196
12 0.1 0.0661752408107829 0.603003599783085 0.0494029695483295
12 0.2 0.111191259778123 0.736193477043345 0.0252363311714255
13 0.1 0.0273549921448608 0.206170487144066 0.0239396586787369
13 0.2 0.0757150641814544 0.228317800063359 0.0391826534417148
14 0.1 0.127569711904833 0.232834550850733 0.029795613143818
14 0.2 0.122030090138151 0.230918958262016 0.0451608734255436
15 0.1 0.0297491228488639 0.83001202869868 0.0281133415942876
15 0.2 0.0463519487237093 1.32433451029099 0.0278457408361657
16 0.1 0.0805909608070766 0.528194061925023 0.0453011558774012
16 0.2 0.153106959407851 0.359012463262225 0.0722297310584635
17 0.1 0.0879070806743579 0.250134034670354 0.045849326379778
17 0.2 0.351877402012143 0.254650177865928 0.0442119362557134
18 0.1 0.0679287078195748 0.533715896959011 0.0477943389355949
18 0.2 0.0967883064382552 0.715252663997242 0.0471366059839814
19 0.1 0.0541182199195884 1.5427662905874 0.0200379782276836
19 0.2 0.0957328519801962 3.57498376902229 0.0317811969824312
20 0.1 0.0221434291429624 0.695969176767987 0.0189688975966799
20 0.2 0.0492604121769772 1.00714786776003 0.0192257063169732
21 0.1 0.0390781735559712 0.444724808878155 0.0215035963023607
21 0.2 0.0867514330080954 0.484457589842789 0.0272664304214575
22 0.1 0.0308876742103022 0.330304306243635 0.0122608204789008
22 0.2 0.054581958594988 0.380100595718265 0.020073635584899
23 0.1 0.0367157449183732 12.8517258517276 0.0293734159528775
23 0.2 0.0568951767540521 3.05489469963563 0.0228310710295985
24 0.1 0.0433347649783353 0.399564258147175 0.0210200695665009
24 0.2 0.087336644185004 0.450910908479828 0.0208182652924299
25 0.1 0.0356631198301555 0.416692067499414 0.0183328001793099
25 0.2 0.0798233916991414 0.364243426471435 0.0201063857513767
26 0.1 0.0691519798970925 2.54884086859964 0.0984806753071272
26 0.2 0.085130502732618 0.681593933911343 0.0640699102488761
27 0.1 0.0705755164912919 0.41997687615104 0.0219299780548314
27 0.2 0.0884756206254916 0.583525175454594 0.0278474792526382
28 0.1 0.028650401595562 0.491979638340165 0.0111396262728415
28 0.2 0.226243621831455 0.50369478299311 0.0118011076674009
29 0.1 0.0414626985464952 0.419299283896071 0.0209825525002347
29 0.2 0.0592134527656036 0.421995540684792 0.0229700544035529
30 0.1 0.0450822662171147 0.527402368341955 0.0372093370686314
30 0.2 0.0824022000972843 0.547067447660279 0.0423178753032538
31 0.1 0.0485368629190595 0.383724854729004 0.110085135330259
31 0.2 0.0835357999470384 0.527637029467873 0.0370344144083716
32 0.1 0.0245362903550571 0.350468060336866 0.0201782357892171
32 0.2 0.069110441847272 0.23767373071242 0.0290838902989811
33 0.1 0.0291215800058714 0.498636343808386 0.0320850904818571
33 0.2 0.175000977705975 0.567473982850254 0.0403177213277851
34 0.1 0.0745340972564223 2.64917174093183 0.108001163467498
34 0.2 0.093276256257419 4.011567840413 0.0936850789162978
35 0.1 0.026790299089538 0.842336583119814 0.0171292775604007
35 0.2 0.0726042326383682 1.17900043554762 0.0180316746439903
36 0.1 0.0371445683968962 0.840564966695633 0.0363161145741816
36 0.2 0.0549935848687894 1.07461345655975 0.0606858291290572
37 0.1 0.0274058909756049 0.62510052226083 0.0307263756685132
37 0.2 0.0509791818808377 0.73336844555642 0.0352370047759699
38 0.1 0.0654319593971777 0.326699892864782 0.094644084306405
38 0.2 0.108933206317545 0.334124573523916 0.0983758408574064
39 0.1 0.108948321240393 0.329115861792679 0.0279037648750952
39 0.2 0.0846969909192942 0.309584021908872 0.0312329502178894
40 0.1 0.0841924946892413 3.31864767879368 0.0274296373998961
40 0.2 0.175384941113972 3.16101155710798 0.0700840761896393
41 0.1 0.0372230830333635 11.5388610714311 0.021395852706765
41 0.2 0.081380249907109 10.5897111362062 0.0356004724738408
42 0.1 0.0413062847638212 0.810231871310964 0.0216381098825759
42 0.2 0.0785461020371885 0.887784228891463 0.0284189763362716
43 0.1 0.0382474201604748 0.409003634475461 0.0192148650010057
43 0.2 0.0847510900047814 0.416903762502148 0.0170184182340704
44 0.1 0.0376398020067456 0.677001868524258 0.0242136519248788
44 0.2 0.0664760239525978 0.729541713575196 0.0350060538909517
45 0.1 0.0807803586800561 0.776115217718762 0.0803300918717886
45 0.2 0.176191040298407 0.935358659845381 0.0566267790241037
46 0.1 0.0365744890626713 0.428286002026584 0.0162414580691136
46 0.2 0.0740851668172597 0.425431758184208 0.0251852396364293
47 0.1 0.0371771821997872 0.379109165650741 0.0424326642911758
47 0.2 0.0684218158845144 0.413906199188742 0.0600078030394649
48 0.1 0.0548772420282049 0.276669394461536 0.0239103316758515
48 0.2 0.122881265770677 0.256544330152312 0.0256231333718974
49 0.1 0.0866452448460644 0.848391721101055 0.0574106559928135
49 0.2 0.12248519136867 1.01426524939813 0.0665496748532082
50 0.1 0.0473711993948095 0.577959014230732 0.0280366873426077
50 0.2 0.0686952536295028 0.528924679973323 0.0266644789999663
51 0.1 0.127709779972639 0.955610245003778 0.101102758869645
51 0.2 0.0934608762451078 0.844377581293533 0.063814430498465
52 0.1 0.0325297145212564 0.994161198029289 0.0267302105936771
52 0.2 0.055760760641626 1.35548321323553 0.0435287949151555
53 0.1 0.0346016040617621 0.238326069817312 0.0236072640093332
53 0.2 0.0837121390001415 0.261801936709516 0.022026899555665
54 0.1 0.0337858058920051 0.261396975476571 0.0349940726230911
54 0.2 0.080494477891625 0.225841134435805 0.0228817493808588
55 0.1 0.205992739286992 0.518936602775471 0.0594959497006914
55 0.2 0.16403892088189 0.742165154707457 0.136331195193946
56 0.1 0.0383172607001303 0.84339490381704 0.0218865189911787
56 0.2 0.0853151016295897 0.776341123057999 0.0247236407150046
57 0.1 0.0388657520665486 0.242290821704659 0.0167258281955261
57 0.2 0.0729081599994855 0.25981779514 0.0174907668082221
58 0.1 0.0500500965582835 0.219459950024033 0.0324241618291278
58 0.2 0.0880014096729208 0.201581130876974 0.0201374085877492
59 0.1 0.0677650262552595 0.330931300812631 0.0462175204502402
59 0.2 0.0704538286355168 0.39296808258055 0.0761244275004538
60 0.1 0.0803487530324458 0.391909835836122 0.0690610273392432
60 0.2 0.107783161993082 0.586373304535071 0.0569661438614724
61 0.1 0.0418828704326711 2.06568704292078 0.0481512223238669
61 0.2 0.0479463587180582 0.325461415611551 0.0309646861984504
62 0.1 0.0812565141657714 0.328188177011232 0.0523587121636391
62 0.2 0.0945272324108206 0.300634572325806 0.0528579267992701
63 0.1 0.0300456153370554 0.419224696457745 0.0213623190710207
63 0.2 0.162252979276958 0.543338362262212 0.122342134832931
64 0.1 0.0642610918146037 0.779919217956331 0.0675279360173934
64 0.2 0.0908177136839189 0.734640851353252 0.109357116351188
65 0.1 0.0416548720177453 0.370952304748618 0.0182203018675049
65 0.2 0.20394153700853 0.382294451210593 0.0304562319951158
66 0.1 0.10583089898149 0.515053709942476 0.0437954618289931
66 0.2 0.150297170351257 0.617980414882455 0.0432108807010951
67 0.1 0.0458736984095265 0.904003645375864 0.0197187385534263
67 0.2 0.0616535428351725 1.25628158756408 0.0205696556836806
68 0.1 0.162959139085998 1.55480855001403 0.0869230662258782
68 0.2 0.0904480187566375 1.44043014871309 0.107892424997269
69 0.1 0.180775541843551 1.18060267553559 0.102513830870763
69 0.2 0.0705400828866276 1.38513012834811 0.0950551022421323
70 0.1 0.0400675907443966 0.236710157580835 0.0211123498760765
70 0.2 0.081752178320449 0.233327545838486 0.0269926772088442
71 0.1 0.0462547538638545 0.776907312373599 0.0319920809075233
71 0.2 0.0505646138999696 1.14911499237782 0.0471419151785087
72 0.1 0.0313798291024519 0.255163851036101 0.0168696280082741
72 0.2 0.0592974222154642 0.384477458432274 0.0252840630871764
73 0.1 0.0497648147187784 1.7695544442855 0.0502269124009727
73 0.2 0.0672427068800031 2.65755958894705 0.0523647815837896
74 0.1 0.035152873671166 1.2856212346719 0.022616555877539
74 0.2 0.0728713697091288 2.16535045767459 0.0232186884246701
75 0.1 0.0532953861264689 0.95068777018132 0.0314391906214907
75 0.2 0.0710062132821147 11.2647851317628 0.0678980013852792
76 0.1 0.0376986422095179 0.314543849412401 0.0519197175021898
76 0.2 0.0776887741737495 0.277772409624802 0.0288794897218651
77 0.1 0.0689081674673502 0.851490538194135 0.0551159556531634
77 0.2 0.0743794857286309 1.02366327643449 0.0444128429415804
78 0.1 0.0541022470470119 0.473763287964321 0.0821329521730967
78 0.2 0.0720897926648493 0.479487865863758 0.0909547555045885
79 0.1 0.0401496536670193 0.74328928539697 0.0166712417983342
79 0.2 0.0721527569192479 1.16713292523928 0.0204954818910298
80 0.1 0.0423621962664885 1.25647609696485 0.0450149427658341
80 0.2 0.0562648927547859 1.02301181495584 0.0404075406436094
81 0.1 0.0277721992835418 0.881926480383747 0.0356800705248483
81 0.2 0.0786153421432574 0.69922795961205 0.0442163468431812
82 0.1 0.0367527695081773 0.373892702397292 0.0199223780494907
82 0.2 0.13295720762161 0.459726488264988 0.0293274914263103
83 0.1 0.0509991511762307 0.397580792308195 0.0447358664656471
83 0.2 0.0683671754182523 0.504935767576547 0.0358140774623243
84 0.1 0.067709407910935 0.461289392060346 0.0357422774588822
84 0.2 0.108223972160663 0.728453796186793 0.0367602049864164
85 0.1 0.0183777047174443 0.364988598885531 0.0167157905650186
85 0.2 0.0503510587731549 0.401154217353149 0.0524953344764997
86 0.1 0.0896831623786542 0.342444409847269 0.047286734323876
86 0.2 0.123069204127274 0.738077985967971 0.0245725882882812
87 0.1 0.0236631257724064 0.328241877072145 0.021383658227259
87 0.2 0.0662717450433711 0.276635029937616 0.0197002160286813
88 0.1 0.0867990201075563 0.728023331218659 0.0663899535562113
88 0.2 0.105691557576108 1.01082110759633 0.0757654045785777
89 0.1 0.0863655377413057 0.750715033216473 0.0762988920451234
89 0.2 0.271307556756008 0.646343619604427 0.070627760073925
90 0.1 0.0521100269883377 0.424475988271642 0.0630364127632419
90 0.2 0.0452304715063289 0.465973408178078 0.0389814554177312
91 0.1 0.074949687320166 0.614512225185606 0.0372084467245483
91 0.2 0.197744165853707 0.604054154775878 0.0547790784647425
92 0.1 0.0271333002562883 0.8609031302914 0.0214082059713549
92 0.2 0.0778735482829308 0.744351967644858 0.0231399559055949
93 0.1 0.0346162704196837 0.623965818235096 0.0278280992932855
93 0.2 0.0805635001389713 0.335311076589396 0.0429789538418302
94 0.1 0.0716249810837379 6.38047500005583 0.0494980625084447
94 0.2 0.0865709405561055 8.00738123317736 0.0950149962503081
95 0.1 0.0665435345706012 1.02401030334711 0.0231854557165145
95 0.2 0.0673034117358038 0.842407417393266 0.0206042857315884
96 0.1 0.0359553180195968 0.343078797342551 0.0229178934158196
96 0.2 0.0795616066868763 0.348704055030214 0.0236782522525176
97 0.1 0.0221340415301295 0.613074635753018 0.0377297845073875
97 0.2 0.0632848252222322 0.628326115097284 0.0371221864380851
98 0.1 0.0459041900027837 0.586995216918101 0.0277307460543841
98 0.2 0.0453679067280447 0.64743801687832 0.0347486167243629
99 0.1 0.0447436492582821 0.578597715710064 0.0353732840071255
99 0.2 0.0702360419897598 0.651810096168286 0.036149556822322
100 0.1 0.173806599566539 0.367474905164633 0.0633925983114449
100 0.2 0.187935286993214 0.412950509216538 0.0793740610430185
