1 0.1 1.31195736580543 1.55016712422006 1.31133934638118 1.57264650080279
1 0.2 1.18428161530707 1.14746035541049 1.18888513900605 1.1664029706203
2 0.1 2.68790728743998 2.53527191654833 2.71651473861196 2.30945033104268
2 0.2 2.07096191417133 1.96044238559192 2.07930612167373 1.95209966829931
3 0.1 2.00355667760546 2.17462654772337 2.27186626472683 2.56232851315769
3 0.2 2.51916146040202 1.89518961617033 2.71631727079984 2.0571545236766
4 0.1 1.57019955966818 1.30120805794351 1.57321602962571 1.32677776242964
4 0.2 4.57746041595388 1.2571861720477 5.43756344104585 1.25949611012973
5 0.1 2.6377430224746 1.92069652682359 2.64064304709574 1.92799663748118
5 0.2 1.80723922844556 1.48094359247457 1.83030020885208 1.51879634476577
6 0.1 1.33806907393973 2.31199859858783 1.34035269399288 2.47884585183019
6 0.2 1.26316519804692 1.27037503836919 1.27392378225428 1.29076810407988
7 0.1 0.496267128602108 0.589164841744552 0.486523173332323 0.569482484740184
7 0.2 0.743934414095819 0.776705730830945 0.75333648268689 0.817144018229666
8 0.1 1.694203674147 1.92987199881028 1.6951496628886 2.00098735731861
8 0.2 1.52244470080218 1.24070427847228 1.52767922492751 1.2709714477933
9 0.1 5.08379293091193 3.90839611478729 5.0883671322723 3.97957746208785
9 0.2 3.43042536978871 3.10592000674228 3.42223572362405 3.34133647005698
10 0.1 1.65099200701565 1.36843856390633 1.71948519762553 1.40097196214175
10 0.2 2.01260258338852 1.78641327391214 2.07443763454023 1.81290470327136
11 0.1 1.65285886334267 1.8364514375294 1.68520291690659 1.91272633141759
11 0.2 1.28632010986235 1.32249888347152 1.00653695781858 1.3607191721382
12 0.1 2.83861886465079 2.41145978916201 2.8262995773384 2.39304931914751
12 0.2 2.08108136278043 1.91677332054905 2.06714361527945 1.88783562233149
13 0.1 2.11182412250944 1.64072849256257 2.0548359496492 1.64751654812018
13 0.2 1.8277151824784 1.7083487998551 1.87213426033473 1.79688791018284
14 0.1 1.53294870474168 1.33155286957958 1.5313099019736 1.33578075364831
14 0.2 1.49456176510049 1.41413683891474 1.48787518903869 1.40878196803424
15 0.1 2.05488089951843 1.79815532004858 2.04141075789926 1.78597003697746
15 0.2 1.66536884203222 1.41773063647351 1.64063817673811 1.44088595219453
16 0.1 1.94093735214099 1.43147002702248 1.95307198518023 1.36424347175557
16 0.2 1.59397875224188 1.39429552796857 1.60466742813351 1.44799297000045
17 0.1 3.30871585590914 2.213495379874 3.30972649606634 2.21781658422308
17 0.2 2.33851935495552 1.74944900558982 2.34325251149193 1.74985877529771
18 0.1 1.77164015072898 1.43884203387859 1.76454069020581 1.51555232622102
18 0.2 1.55444737687816 1.50532546767635 1.58718448069117 1.60501558500711
19 0.1 1.93184712489763 1.86590742565313 1.89551244572513 1.99976480211971
19 0.2 2.09624146109893 1.95104167620992 2.08476616064544 1.97972176437068
20 0.1 2.69972251076357 2.50753466382813 2.72114205977246 2.57722333882695
20 0.2 1.90305665311936 1.77651535812055 1.91542663045349 1.79768913422302
21 0.1 0.939842049044094 0.848121891508618 0.943184293619189 0.916788256416725
21 0.2 0.89778055875839 0.867416440668014 0.893808790459755 1.01538423669978
22 0.1 1.54252668447055 1.19412718314534 1.55604795664862 1.21935563397402
22 0.2 1.22758860635003 1.29856107641438 1.24434652080592 1.31439289821527
23 0.1 1.67111992853084 1.53213938683681 1.66997700541274 1.72923750040001
23 0.2 1.76830052374375 1.58168717166496 1.77412015277315 1.87361534481023
24 0.1 3.00326837068803 2.2464759517278 3.01411365555961 2.17363920427634
24 0.2 2.09443635218716 1.82636020148697 2.11433352366944 1.83010775423953
25 0.1 1.30377409399142 0.976722618362828 1.30420320706143 0.924518883589352
25 0.2 1.14201295489706 0.877601862869052 1.14273977622696 0.879318388817533
26 0.1 1.62967154116127 1.39285230009561 1.63734494499975 1.35067371125854
26 0.2 1.56399654367506 1.38046484737161 1.57573399893681 1.36060726794512
27 0.1 5.40195895733719 4.54581895407758 5.38691824404403 4.6938758884645
27 0.2 3.25397948033512 2.92969443431448 3.25209154701232 3.0793503284168
28 0.1 2.39274858945913 1.69977827957287 2.40114201297575 1.72789719033876
28 0.2 1.85422343053631 1.53084492297148 1.85282563542808 1.53881981970312
29 0.1 2.32965481179925 1.68898050660576 2.32931634584462 1.7133645574001
29 0.2 1.76997182055704 1.47416193650927 1.76862199439354 1.47381550950495
30 0.1 1.67664490305775 1.33282449970425 1.68162559825223 1.35098129528385
30 0.2 1.43398284595787 1.28706125283741 1.42957165233468 1.28283448724928
31 0.1 1.74849351715557 1.50894226253719 1.74344383310522 1.51313068422275
31 0.2 1.47855713515261 1.31155988220193 1.49193557000944 1.31362872607612
32 0.1 2.04826568064696 1.32512375231345 2.06231695523169 1.34786173149313
32 0.2 2.09005103952244 1.51637971937831 2.0995996262389 1.56246375147914
33 0.1 2.44390463682544 2.16799821078054 2.45067682685363 2.19473479731199
33 0.2 2.16144759410201 2.12156084026618 2.18715896392264 2.15854452304044
34 0.1 1.98132141626161 1.73417959144251 1.98539934267057 1.77322747569141
34 0.2 1.73527604612509 1.23748766178511 1.73756726723102 1.2340048953799
35 0.1 1.75800624441578 1.61559304847494 1.836620687231 1.84178096867441
35 0.2 1.72756173530839 1.47595251214578 1.72815789203526 1.53362026936384
36 0.1 2.0371897542957 1.73598642204623 2.04856458997924 1.72072695885026
36 0.2 1.54190351217272 1.38440864838371 1.5362430618501 1.423384529783
37 0.1 0.962138574290942 1.62283623695615 0.974154163156133 2.08501668642289
37 0.2 0.965199897524815 0.972376202211923 0.982651677904355 1.16340787030054
38 0.1 0.529988328300037 0.700461711618004 0.537998013563741 0.808408768124154
38 0.2 0.595115599873479 0.643199913526721 0.60320090878427 0.679128798642295
39 0.1 1.7592796077325 1.35295156481992 1.78603047735524 1.37419534100337
39 0.2 1.60498299694773 1.392818273515 1.66873493465707 1.40345347549024
40 0.1 3.51747188470859 3.01616350060625 3.44612265686084 3.03403673114381
40 0.2 2.50932810055668 2.54466722322339 2.50704011025406 2.61096079213493
41 0.1 1.9717574462498 1.86919255613998 1.97313737917628 1.93947759695267
41 0.2 1.39970286006953 1.76141872963352 1.42799997809339 1.86449554304395
42 0.1 1.91139573924813 1.86678062136155 1.91572134211108 1.89584345738525
42 0.2 1.73621806959099 1.63149912229744 1.74970974315735 1.68407897866126
43 0.1 1.86354151845447 1.25497387093936 1.84985518011069 1.29991978558397
43 0.2 1.41222795177246 1.1405186230221 1.39317865096324 1.1757807535698
44 0.1 2.24512656252464 1.4262166782398 2.26891104303573 1.34491499129104
44 0.2 1.96257463362232 1.7185601589207 1.99568879648553 1.76878791053248
45 0.1 1.29185387827465 1.08982089638102 1.29919670990067 1.11377967258916
45 0.2 1.01693915521716 1.06076923847909 1.01805374100867 1.04555541889005
46 0.1 1.33586736281716 1.00400479816889 1.33707441820747 1.00973841046982
46 0.2 1.25789485404842 1.13372855496255 1.26798071714846 1.13756075803179
47 0.1 2.72483166420325 2.71814255481898 2.73456005155125 2.73118548054757
47 0.2 1.80251823020722 1.78436440760595 1.82674417943468 1.79515779707122
48 0.1 2.47985202762866 1.88048327186834 2.49486933509438 1.8356401147201
48 0.2 1.90512938816473 1.57279931587217 1.9104618760842 1.57890211238834
49 0.1 1.06366646874762 1.09511679580276 1.06405615319051 1.09783275196621
49 0.2 0.992144903663397 1.00607029691765 1.00593364581375 1.05086032268933
50 0.1 2.72881209203891 2.44832217589611 2.70261941257345 2.59885467320867
50 0.2 2.00419970433775 1.73922674671774 2.01629894130823 1.74032093854978
51 0.1 1.85477982072274 1.53894736398614 1.86073985263658 1.57119827652595
51 0.2 1.56813156540806 1.54572887870816 1.50338733238829 1.68804081206227
52 0.1 1.41507476983145 1.23245366794802 1.41439228863435 1.26507802201879
52 0.2 1.41659469932547 1.26940605340715 1.4304286119935 1.34399562961985
53 0.1 2.37097251515863 1.84847765125946 2.37745785270899 1.85400751384813
53 0.2 1.89978194435709 1.54799827017742 1.89965712246864 1.54846169971751
54 0.1 1.09407310364807 0.909046908310789 1.09420372658294 1.08844572079654
54 0.2 1.04128709793506 0.837637776873009 1.0402466675082 0.883311851915797
55 0.1 1.45583007035882 1.11505270560733 1.44988489722322 1.12328081103866
55 0.2 1.37145826363031 1.12373468463273 1.3637536056632 1.23666218709079
56 0.1 1.20240681995796 1.07049324558842 1.21571460646915 1.10047772988276
56 0.2 1.21527834663859 1.37118430049201 1.20460528363212 1.56313683132404
57 0.1 2.36984741798547 1.86700171622353 2.36109641970755 1.91322510821317
57 0.2 1.75103164863167 1.74241027010247 1.74214627925087 1.76153725848049
58 0.1 2.84328409188788 2.5034875656861 2.84603573034802 2.50383240372802
58 0.2 2.16206938881026 2.06163896853893 2.18520204869674 2.0337732093497
59 0.1 0.725360280192082 0.496203121227222 0.72912952129713 0.503794623083747
59 0.2 0.801263497568814 0.621203344523783 0.799978049899096 0.624584724539916
60 0.1 1.82356136521345 1.83881521965793 1.81517886673317 1.86361997999492
60 0.2 1.46683375920063 1.35659837747166 1.46512846224377 1.28954149266472
61 0.1 1.28996066962655 1.10642536598847 1.26735804755229 1.07625730370696
61 0.2 1.35303724000104 1.15543629819295 1.35875565554431 1.14998732458585
62 0.1 2.5650786922811 1.88006512880832 2.56425351081827 1.88156463078956
62 0.2 1.82218684844727 1.54288644324205 1.8241693492878 1.5866779971475
63 0.1 1.94642432487557 1.66479121936619 1.94620293057505 1.67865140846147
63 0.2 1.56155379968342 1.53210028049193 1.56034655890322 1.53885246864912
64 0.1 2.12570966580655 1.6835711167546 2.11517154971484 1.69074117002396
64 0.2 1.7296657461928 1.73868744947924 1.71477138427579 1.92339702333949
65 0.1 1.90516498963892 1.70925238770297 1.90624148804573 1.70422650530479
65 0.2 1.59498227812975 1.47307379536569 1.59388285725478 1.47024156434614
66 0.1 1.44877871570694 1.05020712691526 1.44708519158629 1.05158425079637
66 0.2 1.22852547375403 1.07774320532833 1.23840516803554 1.1324922011496
67 0.1 1.96134466048564 1.88233273978956 1.9766114393273 1.89568246364589
67 0.2 1.61729470464712 1.90369362206179 1.63419707386324 1.92804761131529
68 0.1 2.15500426758567 1.79681290059505 2.15371715404566 1.83633887272271
68 0.2 1.88649759920382 1.53733831070041 1.88970562910872 1.53895994453206
69 0.1 3.90004856354518 3.79640495800058 3.89833585965794 3.69956628068392
69 0.2 2.86979966195919 2.78345284137353 2.8712810276251 2.72619764968562
70 0.1 2.44168941015643 1.89858634837961 2.43565386230691 1.8387566967899
70 0.2 2.002893749734 1.79394018984346 1.97687260038366 1.84812210262994
71 0.1 1.70664475380858 1.37953482606322 1.70595898090587 1.40722373069962
71 0.2 1.4998687507861 1.35630563083702 1.5042473905103 1.42411643620709
72 0.1 5.18993053317492 3.94299997848069 5.22904720625561 3.9238648343986
72 0.2 3.10295956962161 2.58614539980961 3.12132998930985 2.64752660468853
73 0.1 0.941087989570159 1.03006986944027 0.934630300702886 1.21306242173562
73 0.2 1.27691152399506 1.15341503133941 1.29275578225868 1.25966450639824
74 0.1 1.99024624963373 1.61623568070826 2.00397201183538 1.60938054654435
74 0.2 1.89579044089478 1.34606051418895 1.89389955845904 1.35244921977174
75 0.1 0.968768852459072 1.27329989429471 0.970333777694883 1.3600568669214
75 0.2 1.04287135887336 1.08390562947529 1.09403685771614 1.11513733175137
76 0.1 1.35684074346776 1.22047976864576 1.338492261445 1.2389927548949
76 0.2 1.3100822679114 1.29748567465313 1.31606353837273 1.30854144709092
77 0.1 2.26011249003047 2.05132871163768 2.22711369448364 1.96975618518172
77 0.2 1.89625198055072 1.88043469776515 1.89937489126752 1.90230836815469
78 0.1 1.52556706582583 1.43020290181913 1.51726737198045 1.47376694428793
78 0.2 1.09651918186574 1.14668971859559 1.10680507465546 1.15609315600851
79 0.1 2.660781878617 2.46994646569938 2.65789194740298 2.4923263864394
79 0.2 1.97092173092102 2.01396588319738 1.97490977459753 2.02729786393319
80 0.1 0.972454198372705 1.03174048481655 0.966831167209145 1.04254925383523
80 0.2 1.09931475364257 0.947712258297475 1.09154073099025 0.986236848349921
81 0.1 0.952616499424586 1.21650751423743 0.949453524213728 1.37819070938497
81 0.2 0.921961141769272 0.946967204606599 0.930472368710151 1.04540809979085
82 0.1 2.65366629830678 2.07395130987536 2.65078509459682 2.02462734370667
82 0.2 2.04994480576201 1.92513875596935 2.05814115181878 2.03129738440491
83 0.1 1.74453523638994 1.49766577700388 1.72491137460468 1.53219624323949
83 0.2 1.30807314356385 1.21696049896992 1.29620920676102 1.29272278668278
84 0.1 2.32989323454075 2.06004838433973 2.342653146928 2.1260853929962
84 0.2 1.96681190594913 1.74980714135923 1.97954596315825 1.75304697412916
85 0.1 1.56016375829414 1.03680728835428 1.57943512224778 0.980086979439279
85 0.2 1.63977926722358 1.59131709201784 1.6336160013102 1.62369083538468
86 0.1 1.28332640601407 1.12271043162233 1.28279447336635 1.12452876736385
86 0.2 1.21289069212774 1.03203080563013 1.2262178099879 1.05454433842928
87 0.1 2.14132533680843 1.60031610900267 2.12520173958243 1.63974741236887
87 0.2 1.9937309625869 1.90634551879821 2.00686055432934 1.95067059855952
88 0.1 1.75619614865907 1.48675164461615 1.75947898238359 1.50912766385877
88 0.2 1.67357059344328 1.39344893509535 1.73913536890383 1.48377700693571
89 0.1 0.923261389588722 0.881513219516663 0.92356209892257 0.872778064324779
89 0.2 0.932523821765151 0.708188043023206 0.945556489267146 0.705757099514172
90 0.1 2.70452212112307 2.26136650086981 2.66733308419415 2.58147372111896
90 0.2 2.1684294841589 1.88197676413307 2.20639850543448 1.9075533150656
91 0.1 1.59885801225406 1.68642753287943 1.61054736715817 1.70140643739449
91 0.2 1.2065643310116 1.47548607089715 1.21911777712509 1.58494371450247
92 0.1 0.725183585281468 0.744032241048935 0.752554251619018 0.740435366834979
92 0.2 0.81214755912951 0.78476820780688 0.838487971997137 0.786946232755397
93 0.1 2.08201017659257 1.6617651502557 2.06594926032876 1.65638211877456
93 0.2 1.68956539589064 1.42237355229354 1.67246394542406 1.35408337778318
94 0.1 1.91704930776902 1.93020749029743 1.91842389289559 2.08377401151486
94 0.2 1.53678376122387 2.04431894226433 1.53561710924521 2.34740588255744
95 0.1 2.28930070015834 1.89243771845889 2.28690555332965 1.98120130901663
95 0.2 2.17895419447963 1.83472313734473 2.17897397478835 1.87631274229963
96 0.1 1.00704693384663 1.06623955659416 1.0043852264361 1.07657896460074
96 0.2 1.10394315841246 1.16239318581699 1.10448539952284 1.18809545014896
97 0.1 1.42111590015855 1.0607077842469 1.38863082476423 1.15188233275787
97 0.2 1.32988674998591 1.1332048071265 1.33595199905541 1.20499603261913
98 0.1 2.3411851551282 2.78855968847722 2.34007679471328 2.88026978456964
98 0.2 1.86444155018912 1.65864674207238 1.8718867452232 1.69012017881894
99 0.1 1.63770690578655 1.20538821714848 1.63280976024883 1.26427729072006
99 0.2 1.31055958422652 0.975312936399542 1.3137045242783 1.02215916518772
100 0.1 2.00452303720104 1.55527192650038 1.99865421105737 1.61193095755879
100 0.2 1.63715939390527 1.51715383175936 1.64540886827038 1.55312203634036
