1 0.1 0.426062295811538 0.0400861929603531
1 0.2 0.402489745919849 0.0226155146080901
2 0.1 0.24335620996466 0.0171372919415756
2 0.2 3.40104958369307 0.0215910528802524
3 0.1 0.382586260360946 0.0270567001357827
3 0.2 0.367205317491531 0.0266524939891913
4 0.1 0.61567632219475 0.0414321419018668
4 0.2 0.595084393507432 0.0492209794775448
5 0.1 0.64198009785955 0.0109260457894608
5 0.2 0.641101247081668 0.0145942722007726
6 0.1 0.558423532737733 0.0179815363875336
6 0.2 0.544490999947814 0.0221535604893708
7 0.1 0.392259351477638 0.0211982030417729
7 0.2 11.4178103471039 0.0352335267505097
8 0.1 0.280801908745439 0.0193013379273685
8 0.2 3.61978562295466 0.0162067753043583
9 0.1 0.479001241873624 0.0169929557372425
9 0.2 0.457803229835908 0.0176693103049975
10 0.1 0.342343829566819 0.0161886023607702
10 0.2 0.580095167462409 0.0168641589627104
11 0.1 0.408058840819115 0.0324492029866961
11 0.2 3.17627356048379 0.0371568869965284
12 0.1 0.433214216332052 0.0233097890806674
12 0.2 0.435847067384887 0.0275005490537521
13 0.1 0.461014721570435 0.0383796609945202
13 0.2 3.06209824920264 0.0404816662650523
14 0.1 0.357489576290744 0.0189243436573389
14 0.2 0.355592710948824 0.0173154915260453
15 0.1 0.429101144602119 0.0594857526976835
15 0.2 0.407660738058715 0.0947232399358366
16 0.1 0.261398418212233 0.0264317411598307
16 0.2 7.43134292130999 0.0419217337155326
17 0.1 0.592465686231494 0.0245180270252805
17 0.2 0.586497257664485 0.0324900426111898
18 0.1 0.397497776153839 0.0241288158694184
18 0.2 2.79930736919633 0.0236405737412026
19 0.1 0.457969392982022 0.0168422644880043
19 0.2 3.45780771225252 0.029046964031276
20 0.1 0.358157769900241 0.0344028842730339
20 0.2 0.610965996148704 0.039337723621399
21 0.1 0.628140669644424 0.0611992081638117
21 0.2 0.587673742220975 0.0557748624991042
22 0.1 0.25327534211485 0.0118941399509165
22 0.2 1.70208420155929 0.0168051386085299
23 0.1 0.350284277414241 0.0477828579262996
23 0.2 3.68903214057658 0.0542024157464662
24 0.1 0.38504517058649 0.0122230007038921
24 0.2 0.397535271039695 0.0157477787781772
25 0.1 0.232892787951799 0.0204883125094113
25 0.2 3.68780787265009 0.0173238330687405
26 0.1 0.1358599089879 0.0116144727684359
26 0.2 4.04260000826316 0.015462205199036
27 0.1 0.581764277477763 0.0385109364358966
27 0.2 1.08543776083751 0.0390349350655136
28 0.1 0.312036785527862 0.00746049846760915
28 0.2 0.317025473384445 0.0114158452120829
29 0.1 0.296042556943948 0.0103149844571338
29 0.2 3.68820849618832 0.0314059518919905
30 0.1 0.180248310050305 0.0149899088080713
30 0.2 0.273849276986955 0.0145881343575561
31 0.1 0.164334169736571 0.0108904722830011
31 0.2 0.313333183791307 0.0195874608847975
32 0.1 0.560058665368056 0.0279061388201834
32 0.2 3.0822283497911 0.0257263646294076
33 0.1 0.498935359613706 0.0408456329100718
33 0.2 0.501011687207146 0.0597098850306217
34 0.1 0.245389353807506 0.0147879462621118
34 0.2 0.410227937904948 0.0187683716017018
35 0.1 0.557316144055757 0.0357476317274647
35 0.2 0.494653749108305 0.0374920644666963
36 0.1 0.81481971618937 0.00998835262651456
36 0.2 0.766664449203275 0.011957304194986
37 0.1 0.23793328972743 0.0140887747038014
37 0.2 3.68181272605772 0.0177982268391874
38 0.1 0.29348970179263 0.0164444237038649
38 0.2 4.87543448550136 0.0203302724332191
39 0.1 0.430479187271598 0.0634509747073427
39 0.2 3.29670431983405 0.0887458267592064
40 0.1 0.241943512271936 0.0125611082076768
40 0.2 0.267586373582403 0.017060269211786
41 0.1 0.313975415264017 0.00931779977620505
41 0.2 0.597054433679292 0.0210532513035752
42 0.1 0.390447160807963 0.00986786112786175
42 0.2 3.53733536653065 0.00865670314685152
43 0.1 0.369612912111587 0.0276654299835344
43 0.2 0.35628349058751 0.0446432806365213
44 0.1 0.401724825442623 0.0300478771282215
44 0.2 3.59138115747479 0.0317188516921667
45 0.1 0.403881344689898 0.0119436683232227
45 0.2 0.368405147730552 0.0168296460456092
46 0.1 0.450742675995233 0.0247707436806898
46 0.2 3.20526326581884 0.0290934973999639
47 0.1 0.248566269668705 0.0120692372206798
47 0.2 0.253684035986789 0.0237883642050276
48 0.1 0.702665856482681 0.0261878084862402
48 0.2 0.673077815402531 0.0581712761501064
49 0.1 0.33524136889411 0.0107248211715942
49 0.2 0.537520541598003 0.0181752432916239
50 0.1 0.562055132077156 0.251428324680218
50 0.2 0.52786141745759 0.254859453698329
51 0.1 0.2503197526535 0.023020647684085
51 0.2 2.56016571782371 0.0210328593616287
52 0.1 0.266675176903944 0.0170241265168458
52 0.2 4.99136068793689 0.0192426990863836
53 0.1 0.461450804915467 0.0163632968225715
53 0.2 0.464226908093052 0.0232278554078043
54 0.1 0.256329775500172 0.0259831744297792
54 0.2 0.267765099912645 0.040758350411049
55 0.1 0.284770954252084 0.0113712763077704
55 0.2 3.90865369768405 0.0150247862638986
56 0.1 0.779248523080794 0.0356930221696159
56 0.2 0.751081199997785 0.059690798351113
57 0.1 0.650584636390628 0.00933984360448134
57 0.2 0.63519800680875 0.0247994118270843
58 0.1 0.531938273510724 0.0392156279395469
58 0.2 0.512131648647356 0.042523150020991
59 0.1 0.536158174633355 0.0342921364691525
59 0.2 0.501433615518757 0.0404672849679091
60 0.1 0.365418777083217 0.0215171299393782
60 0.2 0.386827115669343 0.0240518377978908
61 0.1 0.410059196865018 0.0786905775343078
61 0.2 0.99681823403012 0.0831102628839156
62 0.1 0.290060739507486 0.012748041332698
62 0.2 0.529592586916943 0.016954495173449
63 0.1 0.527826194243045 0.00828058602681722
63 0.2 0.837368718468648 0.0119664459887351
64 0.1 0.544949184925008 0.0188826296074783
64 0.2 3.19803525066847 0.0378378380515052
65 0.1 0.370492978264734 0.0378368361263968
65 0.2 0.372160195737276 0.0485097823082071
66 0.1 0.342191939967988 0.0224280752734755
66 0.2 3.57888002303467 0.0369997871995056
67 0.1 0.645063740342268 0.0173246700750606
67 0.2 3.4166468414491 0.0221151530867094
68 0.1 0.303668194448315 0.011517952096357
68 0.2 1.42675162971394 0.0126075141875595
69 0.1 0.16445013259271 0.020917091652353
69 0.2 0.403046219460515 0.024151538992072
70 0.1 0.416861286784882 0.0167296848471654
70 0.2 0.60387342308273 0.0164868307706763
71 0.1 0.249758445392811 0.0238862429065931
71 0.2 4.18777660380085 0.0287288502640096
72 0.1 0.557347447755041 0.0582897789348896
72 0.2 0.857449170923002 0.109263855961313
73 0.1 1.15481172774872 0.268466615311413
73 0.2 1.11743898756518 0.165737308662438
74 0.1 0.338290743125728 0.0481436732050219
74 0.2 0.323658643373165 0.0292965295871216
75 0.1 0.344076227139566 0.0163476186588117
75 0.2 0.34942112421187 0.0239361308343656
76 0.1 0.197917739439947 0.0344128175817945
76 0.2 3.63044496030358 0.0505987003367567
77 0.1 0.378670456251229 0.0107156550819442
77 0.2 0.367541811437071 0.0147452536613843
78 0.1 0.285400149775424 0.0165501144341003
78 0.2 0.518986034849177 0.0224200180027248
79 0.1 0.203942803445574 0.0176606603461434
79 0.2 3.83569202693201 0.0130392285176951
80 0.1 0.471123005812833 0.0187557293225712
80 0.2 0.792937616237543 0.0163934005547022
81 0.1 0.342957215371125 0.0188991989401408
81 0.2 0.328429703759065 0.0123712304069699
82 0.1 0.329884483882832 0.0260742520581679
82 0.2 0.751964857695933 0.0306585080446587
83 0.1 0.57009122337669 0.0242402447301968
83 0.2 0.544823990477212 0.023313164317552
84 0.1 0.205443592732006 0.0163525964427772
84 0.2 1.62678888446035 0.0243018378614809
85 0.1 0.393825674026722 0.0547704883357465
85 0.2 0.390235754908686 0.0525327511996026
86 0.1 0.434105391020245 0.0403157617529175
86 0.2 0.74234150803168 0.0319429689445027
87 0.1 1.07704565862062 0.10440669261376
87 0.2 1.00017796342234 0.112522102092862
88 0.1 0.585618690507299 0.0389439919678474
88 0.2 0.574802857168422 0.0222527423161658
89 0.1 0.77273276854012 0.049272537621115
89 0.2 1.23778996978311 0.0405537318117878
90 0.1 0.280712492674003 0.0390704099246826
90 0.2 0.541789362278286 0.0338731861938287
91 0.1 0.427166632932904 0.0229074324819232
91 0.2 0.607437164936164 0.0215226461068163
92 0.1 0.333768572000211 0.0246342348634271
92 0.2 0.342575153211085 0.027133498159219
93 0.1 0.401213105266506 0.0246587129246729
93 0.2 1.80382937165263 0.0317067904967111
94 0.1 0.508554850319644 0.040872601293972
94 0.2 0.499946566570565 0.0571408873177301
95 0.1 0.331357352368523 0.0164585350220536
95 0.2 0.531170971806186 0.0205989361196163
96 0.1 0.348511070989481 0.0135514215891902
96 0.2 3.08650702238601 0.0146101083468759
97 0.1 0.289522924092666 0.0212819173433731
97 0.2 0.578164898123856 0.0234030514043421
98 0.1 0.46959382211133 0.0120903044291884
98 0.2 0.461268987482453 0.0214257051947958
99 0.1 0.411523814216627 0.0562664748259396
99 0.2 3.91712885938495 0.0575141524894723
100 0.1 0.258783504537841 0.00715412696871758
100 0.2 0.434795741518527 0.00620550899714123
