1 0.1 1.16837322233614 1.16982701960068
1 0.2 1.16788978324461 1.17061739050624
2 0.1 0.746176713502437 0.743589483280038
2 0.2 0.774341071657348 0.77749987202187
3 0.1 0.985581598210998 1.00311458170728
3 0.2 0.96686436289608 0.975368192498277
4 0.1 0.579421310442447 0.585159506821345
4 0.2 0.718270279746111 0.722572696282106
5 0.1 0.841142004775457 0.839941369017758
5 0.2 0.989530586149676 0.995407696001629
6 0.1 0.5462773771672 0.54691751380907
6 0.2 0.740795202335906 0.740760413776911
7 0.1 1.22254301787774 1.22600365799148
7 0.2 1.22612047232235 1.22182896559072
8 0.1 1.05622126238852 1.06072423573527
8 0.2 1.03358015076059 1.03763450658337
9 0.1 0.662783946582862 0.66093108750087
9 0.2 0.827488717996238 0.827231323660271
10 0.1 0.899982536421252 0.901809923943455
10 0.2 1.0538120337335 1.05443272477717
11 0.1 0.720577632913098 0.7235446116223
11 0.2 0.855218567845157 0.849685963203058
12 0.1 0.73468852947461 0.730384217543719
12 0.2 0.829576031272283 0.826544601714955
13 0.1 0.608739374013771 0.605826811120778
13 0.2 0.703599975211991 0.701956167791591
14 0.1 0.863164560897012 0.872180384630627
14 0.2 0.954004606385927 0.95827249025996
15 0.1 1.22039706605412 1.23540043655932
15 0.2 1.13035196964244 1.1375813331867
16 0.1 0.838360418997078 0.843237780780874
16 0.2 0.891817840926648 0.88595000509793
17 0.1 0.626535867436229 0.628402649138616
17 0.2 0.905472298579236 0.905687974413432
18 0.1 1.11415959659388 1.10706584191245
18 0.2 1.05858189564585 1.06700772779833
19 0.1 0.833066886533636 0.843549310946534
19 0.2 0.998479861628225 1.00295347688488
20 0.1 0.726645152988576 0.728273994436763
20 0.2 0.899949262466524 0.900394103677363
21 0.1 0.886089144294275 0.886539556579829
21 0.2 0.913543481393608 0.913262086081224
22 0.1 0.892958675649131 0.89542042071699
22 0.2 0.912783428061673 0.912132357199596
23 0.1 0.577037555846286 0.567197405429419
23 0.2 0.675956517361607 0.668880595079183
24 0.1 1.04651127346805 1.04790863821218
24 0.2 1.01352312724563 1.01553661372794
25 0.1 1.11556978395875 1.12230128322951
25 0.2 1.04335617559024 1.05163827437078
26 0.1 1.00565012881946 1.00600151608946
26 0.2 1.05492347204706 1.05509286061581
27 0.1 0.865481464490046 0.880327313670636
27 0.2 0.768061829901182 0.769194442217833
28 0.1 0.649637508789158 0.663034697464396
28 0.2 0.729491314464569 0.739712580619562
29 0.1 0.866953325482957 0.863309490070786
29 0.2 1.02401009071621 1.03107882747774
30 0.1 0.836129997437321 0.841614771038391
30 0.2 1.0433381604646 1.0450938571016
31 0.1 0.569519571290294 0.570819333967572
31 0.2 0.773529618233841 0.773216884752126
32 0.1 0.743270988675125 0.744176432457617
32 0.2 0.86273855866685 0.859821798963026
33 0.1 0.794502655033023 0.794596565358784
33 0.2 0.994977738293436 0.998458323416917
34 0.1 0.957439697289448 0.958414073451316
34 0.2 1.07634931948764 1.07896853482946
35 0.1 0.997627953410163 0.997463361349616
35 0.2 1.03876946077786 1.03819631059795
36 0.1 1.16940326041676 1.17214263746364
36 0.2 1.22107244375567 1.21998385612714
37 0.1 0.854541753040578 0.856504017394774
37 0.2 0.908950099780602 0.911072471210156
38 0.1 0.936326562350518 0.936328408677799
38 0.2 1.03433238278316 1.03364521581976
39 0.1 1.1626764832947 1.16046281180353
39 0.2 1.17517481304313 1.17912999886927
40 0.1 0.882673105593518 0.883722376716044
40 0.2 0.868304664089675 0.870546456474323
41 0.1 0.653076601157571 0.656701723632841
41 0.2 0.809523644257264 0.813078025401226
42 0.1 0.923186780577937 0.925426148585007
42 0.2 1.04172409105309 1.03987933366098
43 0.1 1.07024604973146 1.09043949566369
43 0.2 1.16221413886587 1.17342526501287
44 0.1 1.00780616085017 1.01394240987233
44 0.2 1.04546475250564 1.05097520646621
45 0.1 1.05857044171189 1.06462683751172
45 0.2 0.99847436787899 1.00239980551667
46 0.1 1.06957547980621 1.0533822287976
46 0.2 1.24391187376754 1.24752993317759
47 0.1 0.623892218742302 0.624826163747912
47 0.2 0.69113757250278 0.690581889166195
48 0.1 0.991781602668761 0.993325117877773
48 0.2 1.02348627925732 1.01815234972716
49 0.1 1.13717578200344 1.13955218730571
49 0.2 1.12496858013761 1.12588807058967
50 0.1 0.699147637069636 0.69890259333916
50 0.2 0.804689971500513 0.804727951043869
51 0.1 0.741549490227864 0.748608595505646
51 0.2 0.87379926659534 0.87110516090243
52 0.1 0.971843887963515 0.987234468954429
52 0.2 1.01011418258492 1.01255394482426
53 0.1 0.84039905389065 0.838462176708343
53 0.2 0.915397476371784 0.911051721012519
54 0.1 1.30333700705994 1.30604400997247
54 0.2 1.27334804319275 1.2734399396825
55 0.1 1.33345987579253 1.35189419065001
55 0.2 1.34175981391232 1.35731519446955
56 0.1 0.826595231977423 0.82631419681744
56 0.2 0.943104554103808 0.942797276875744
57 0.1 1.04658338446971 1.05260352116926
57 0.2 1.10505574741634 1.11142234964217
58 0.1 0.890880386877763 0.889545621258369
58 0.2 0.91048809462512 0.924038868794541
59 0.1 1.02659324942141 1.02443385300999
59 0.2 1.05730222842383 1.05861885853666
60 0.1 0.550049117397629 0.553391240430319
60 0.2 0.776298682380278 0.775861442000282
61 0.1 1.05144963469975 1.04488666110405
61 0.2 1.01702754612324 1.01724095552755
62 0.1 0.913935740811544 0.912506264432055
62 0.2 1.02904591708212 1.0378304577391
63 0.1 0.843009394295217 0.854004538162854
63 0.2 0.967914000556179 0.978471368194446
64 0.1 0.946925827827765 0.947276922109796
64 0.2 0.992170150068197 0.992508290426306
65 0.1 0.948994922539677 0.949642476748027
65 0.2 1.08719140809453 1.09068038662496
66 0.1 0.673652516968676 0.677639980402865
66 0.2 0.902734788946923 0.907970252753568
67 0.1 0.656551457944784 0.655300204920443
67 0.2 0.758826312581613 0.759570309794872
68 0.1 0.990812470158363 0.96238356166902
68 0.2 0.990966916410682 0.977715689694292
69 0.1 0.494929500006445 0.495590238167565
69 0.2 0.688450104160385 0.685937709034129
70 0.1 1.2190314521872 1.21837702473752
70 0.2 1.20901978301829 1.20600075467734
71 0.1 1.13869129185029 1.14324275462754
71 0.2 1.11954787568721 1.11900573664737
72 0.1 1.03572660723307 1.04455937435869
72 0.2 1.24297726433164 1.24637951913521
73 0.1 0.670023163236384 0.670395998638752
73 0.2 0.811269274101538 0.804616088183663
74 0.1 0.661669763117845 0.661881421541054
74 0.2 0.827848926279198 0.83129057656905
75 0.1 0.959474091231567 0.95932405284847
75 0.2 1.12808014524166 1.12925508826312
76 0.1 1.00723296027622 1.00505295628954
76 0.2 1.02776835589651 1.03355994463277
77 0.1 0.811706318092412 0.813710631511317
77 0.2 0.75969159984994 0.758140275949292
78 0.1 1.35684988492115 1.34504874624653
78 0.2 1.26415068575574 1.26348075887045
79 0.1 0.742107742766074 0.743731348681643
79 0.2 0.765929131539679 0.770526762630589
80 0.1 0.999917217447508 0.997883813487502
80 0.2 0.924032748779229 0.922756981837367
81 0.1 1.14079409029462 1.14152790565547
81 0.2 1.21889055277092 1.21940227150701
82 0.1 0.857945056750008 0.86084394947246
82 0.2 0.97133229203313 0.965134863260425
83 0.1 0.647142375612368 0.646275147245191
83 0.2 0.743273846685276 0.743354914967434
84 0.1 0.977830151077208 0.974010475836887
84 0.2 1.11525355714381 1.10745144381526
85 0.1 0.629663594631945 0.641188008321386
85 0.2 0.745390203136633 0.748046858576213
86 0.1 0.942034930400588 0.942173525779972
86 0.2 0.946664592678293 0.946427519580492
87 0.1 0.895328826723387 0.895976256544518
87 0.2 0.947995611745465 0.935927806651443
88 0.1 1.01687582614411 1.0099002788093
88 0.2 1.09399602309913 1.09342451338825
89 0.1 0.71129561709037 0.714782096558206
89 0.2 0.84492184020301 0.839966055989433
90 0.1 0.381192466818891 0.380929676319146
90 0.2 0.595656398685752 0.601815150505582
91 0.1 1.29323242592846 1.29226029188456
91 0.2 1.15973117562779 1.16199156099065
92 0.1 0.501050506855015 0.497249096250614
92 0.2 0.608153696720378 0.599949150643787
93 0.1 0.852744154189007 0.841852356439228
93 0.2 0.89823684981136 0.890200639382015
94 0.1 0.588305654485844 0.590452031684356
94 0.2 0.694148923567613 0.69548293395074
95 0.1 1.23713902554595 1.23882865645605
95 0.2 1.08915798863193 1.08887296447495
96 0.1 0.705169469086386 0.703409538867698
96 0.2 0.831971534652401 0.83180211920256
97 0.1 0.939420861087893 0.937703399223236
97 0.2 0.968293753425072 0.972762337912345
98 0.1 0.931995687213415 0.93446551650562
98 0.2 0.930367093365229 0.930576651619077
99 0.1 0.428874552540291 0.422062621645885
99 0.2 0.525670241527923 0.524585248032858
100 0.1 0.759887684160095 0.762428044879726
100 0.2 0.916360126023924 0.918323926528798
