1 0.1 2.46790043174791 1.78360951083683 2.46033520331913 1.89279401102106
1 0.2 2.5322946845942 1.72543406353177 2.52924054275825 1.84966819489557
2 0.1 1.99499062107263 1.38172260439585 2.12325421360829 1.64557251226933
2 0.2 2.60426093822984 1.35290474354467 2.92734949618948 1.63735843592907
3 0.1 2.37427949540015 1.68290091009265 2.36572415904372 1.86262168113532
3 0.2 2.41054283455017 1.68594955346418 2.40077258698028 1.86122363351076
4 0.1 2.54583286581024 1.68002038720853 2.54019371903294 1.72398267697125
4 0.2 2.59316103392844 1.71199965557724 2.57470056689076 1.74388581101872
5 0.1 2.5662130275437 1.56932052167962 2.50561027548737 1.71652656410218
5 0.2 2.660049520329 1.64155670295993 2.59660621792251 1.76574884115414
6 0.1 2.32364631537089 1.46397631566006 2.31624543364314 1.6233980949519
6 0.2 2.37489306263585 1.47745169126773 2.34834127337166 1.60443519512643
7 0.1 2.3955115570883 1.70979502512042 2.44311135349701 1.87023470123628
7 0.2 3.34226547817403 1.77729739337304 3.57392846528155 1.89176771714467
8 0.1 2.144562009777 1.65051687656471 2.21581445324888 1.78152838702931
8 0.2 2.59311623158385 1.65119800437244 2.98123106283944 1.78747307834476
9 0.1 2.45782479777379 1.54722232928493 2.448825754555 1.70632563474829
9 0.2 2.50623569800162 1.53070323244693 2.50089559798652 1.70383704844861
10 0.1 2.18233971370019 1.50975137983068 2.26064395510258 1.71505092186428
10 0.2 2.43224742859615 1.52680476636603 2.59904595367015 1.71429510490179
11 0.1 2.26935440197397 1.51538942766705 2.39069445547762 1.82373107517496
11 0.2 2.59952026702062 1.55254157597137 3.17241746285329 1.82487597425047
12 0.1 2.27737740364522 1.46733005698053 2.31331381143691 1.67993103629406
12 0.2 2.38227474919142 1.50194556031806 2.38804411810725 1.69193770637044
13 0.1 2.06503895863436 1.47701658842062 2.10918654463106 1.67934138174623
13 0.2 2.26824344016557 1.53249235336052 2.71149972075676 1.69099101525648
14 0.1 2.22757466355002 1.51864226375201 2.29510113096879 1.66815732004292
14 0.2 2.29903185867612 1.52739629298412 2.34944822799643 1.66299251700699
15 0.1 2.31463551317974 1.54802415091342 2.35313725727334 1.74530711431069
15 0.2 2.34263469696867 1.58486277101766 2.38204540720069 1.76127347484156
16 0.1 2.08406881884126 1.60582732808604 2.18066722321709 1.71968125788078
16 0.2 3.04596017415438 1.59271575287363 3.35761346923622 1.71887866537321
17 0.1 2.51217046325899 1.60798801004166 2.5728114738105 1.77587372156375
17 0.2 2.60104379934871 1.63136693782482 2.62731751648908 1.77812174303818
18 0.1 2.18831525495432 1.62175097444271 2.26945518840017 1.80577891519292
18 0.2 2.55384844663934 1.56564935982205 3.09613059426741 1.74425732234286
19 0.1 2.41589724056816 1.56270521165512 2.4763134930737 1.86521188510031
19 0.2 2.7851692688006 1.56784673288559 3.42061198811219 1.87079950650247
20 0.1 2.22319990010654 1.43308697548657 2.23468808876725 1.58987149111005
20 0.2 2.45331244783609 1.4471090092261 2.49734600309477 1.59432982220772
21 0.1 2.52190083275924 1.52441209622447 2.53446994803656 1.69113369455826
21 0.2 2.59176829564756 1.55722757233208 2.58854387949329 1.69577655904687
22 0.1 2.03303103387432 1.36099125329824 2.10072069598419 1.58675020157012
22 0.2 2.94232059004914 1.36931889441946 2.97125412947348 1.58712849436176
23 0.1 2.06886037074739 1.57444003768401 2.15637834356018 1.76718720354049
23 0.2 2.46323680288938 1.63356606636398 2.95916648358984 1.78592059006739
24 0.1 2.36266553426218 1.5896003611856 2.33536066458933 1.77560323694678
24 0.2 2.44530317662507 1.61661223140404 2.40129786468983 1.77455202074128
25 0.1 1.90722064922516 1.50187741883905 1.97869761278352 1.75017860540248
25 0.2 2.39357422120051 1.54621542982927 2.91322785031617 1.76068222580363
26 0.1 1.84186423094561 1.46708216859165 1.94950915718203 1.61799286582404
26 0.2 2.27990439282128 1.46263690811429 2.81500282658988 1.61366329262721
27 0.1 2.37363445265862 1.31883666453992 2.4358536543347 1.60654236418365
27 0.2 2.80989532344458 1.32171905287852 2.84553429745675 1.60796582177419
28 0.1 2.12078912232465 1.48433251198989 2.1363449581085 1.60842809559742
28 0.2 2.16819331457843 1.49366729701938 2.17794435440165 1.60838893807829
29 0.1 2.14125433775384 1.47671321075244 2.2425363360665 1.76238215841302
29 0.2 2.62740787522426 1.47670707181878 3.07525023070391 1.80010803324022
30 0.1 2.01177691173271 1.48290962019787 2.11100673411027 1.69314335733706
30 0.2 2.14633244893681 1.51649274841401 2.27440407186696 1.69591408594979
31 0.1 1.92820108496075 1.35630668419083 1.9622420936515 1.53883800082412
31 0.2 2.12175973360525 1.35074328048698 2.21512337435935 1.54201932719671
32 0.1 2.46494918817911 1.5534317905922 2.54638115763507 1.73362617962462
32 0.2 2.72349200174804 1.54852230989394 3.2500389195005 1.72952957335021
33 0.1 2.38338275495635 1.48250893182708 2.39993392721387 1.65954524735516
33 0.2 2.49307311168973 1.48656941495991 2.49696180400115 1.65631076298477
34 0.1 1.84480839946069 1.36238571997972 1.97950897111638 1.52135204003776
34 0.2 1.98672730202167 1.3792075706677 2.17031021324854 1.52078179704362
35 0.1 2.28079016923902 1.58644895351831 2.33519665073163 1.71967349273315
35 0.2 2.28072364313519 1.59016456993883 2.34907316317299 1.71299704680383
36 0.1 2.96260669087641 1.79299202460466 2.86234357447424 1.96622260842901
36 0.2 3.01857254189099 1.80513568164044 2.91081022516621 1.96697212412107
37 0.1 1.97256829297349 1.38992453142612 2.00970787576866 1.54255439167962
37 0.2 2.3317916413294 1.3905781777925 2.87051282757732 1.54617906418604
38 0.1 2.15772811263084 1.5332303803998 2.2582796719683 1.69221364586693
38 0.2 2.80900134983906 1.59275431189928 3.19176822424773 1.70918415414543
39 0.1 2.38896989118528 1.62432225847942 2.45328744159816 1.83483743474015
39 0.2 2.51802853425564 1.6271669887099 3.00142423554629 1.83061604492933
40 0.1 1.9283624552363 1.40471665835775 2.03345450436147 1.5367705694558
40 0.2 2.01734307009992 1.40447725961402 2.09948178139819 1.54415606016397
41 0.1 2.13658089184276 1.43402863308545 2.20848189621364 1.63313735931223
41 0.2 2.46475995779922 1.52456880046867 2.52881400382779 1.69157630835957
42 0.1 2.30993687361064 1.70076117059325 2.42639230327621 1.92098662229375
42 0.2 2.73297555512039 1.70960667828252 3.22466158568373 1.92289406593978
43 0.1 2.42166017378049 1.60913179883023 2.30705817731748 1.76057257241965
43 0.2 2.52454128636039 1.59896347960835 2.3883010540912 1.72223155214031
44 0.1 2.12319764681181 1.49789023748832 2.2254801068354 1.79740961962785
44 0.2 2.50006832878316 1.52135432905082 3.03498643251572 1.79386446211107
45 0.1 2.26330551057079 1.43150441468201 2.2561448451441 1.58040319885817
45 0.2 2.28529070047209 1.43450547410239 2.27463118283897 1.58198627778989
46 0.1 2.45400908534947 1.62485975669504 2.52982279841955 1.89747583793947
46 0.2 2.86848432424575 1.63625008670035 3.51995247199707 1.89730101661011
47 0.1 1.86003327553891 1.23431217060687 1.9271805749379 1.4117413903428
47 0.2 1.89464653729987 1.23964020096435 1.95069948312311 1.41556772497816
48 0.1 2.65876532040532 1.57944885509409 2.62220458118131 1.77276740972
48 0.2 2.71973315975414 1.6161500971357 2.66372574954902 1.84712904005075
49 0.1 2.31382103626307 1.58669642277776 2.30971994404672 1.7663537279812
49 0.2 2.56644571396848 1.61284912143538 2.59345566322254 1.75519216383722
50 0.1 2.39463659693525 1.7802796155811 2.41255133006875 1.91337294585959
50 0.2 2.43355137210394 1.75482536895198 2.44204192019968 1.9122889932138
51 0.1 1.99984819756019 1.46961275362093 2.03204984802941 1.63919952298438
51 0.2 2.45460104247284 1.4822130648857 2.97746273285733 1.64617444662716
52 0.1 2.13332854774869 1.49473775070541 2.2273862892433 1.73840103211904
52 0.2 2.74835914500777 1.52308171291515 3.43521035077226 1.73936844765651
53 0.1 2.38563211208841 1.53927831871849 2.4028278931642 1.67097569892601
53 0.2 2.4638401921332 1.5345259572762 2.47950786623587 1.67483058893135
54 0.1 2.0946498307037 1.43795324174716 2.13207958035717 1.5677893831931
54 0.2 2.2024139279035 1.43223886104937 2.23612135179435 1.56084604266896
55 0.1 2.12886126551698 1.53000358406799 2.27341521967885 1.79804965293572
55 0.2 2.61231531269988 1.53754225359017 3.06880225014887 1.8129963342284
56 0.1 2.51398987354453 1.56717375019926 2.47294069508597 1.64449881658207
56 0.2 2.57355973261447 1.60012182591661 2.55124453052525 1.6404736440574
57 0.1 2.69084132272361 1.66656166839252 2.68453829464586 1.83444216153431
57 0.2 2.77335162626476 1.7080800612367 2.7428115662491 1.83281849073979
58 0.1 2.43515003009981 1.58527229883079 2.44095354916696 1.71507710647345
58 0.2 2.50629265031737 1.59974428915417 2.48887379554619 1.70370148683811
59 0.1 2.4580736295845 1.63643489843565 2.49851129948956 1.79439846113503
59 0.2 2.50872751080208 1.60979788079657 2.53117907992107 1.79869478868665
60 0.1 2.23778273509399 1.51219183655803 2.22657837880442 1.61945096571245
60 0.2 2.31348616088316 1.50716031293685 2.28915679359089 1.62309197841352
61 0.1 2.33083440314844 1.60092743304116 2.38556122235493 1.7539560379681
61 0.2 2.90892841382103 1.59903333233811 2.8924876895068 1.75826323675304
62 0.1 2.16971301776907 1.47510590768415 2.17877625202332 1.65987546831147
62 0.2 2.42710906294228 1.51856210930617 2.5086615323106 1.72341445637587
63 0.1 2.51090175662447 1.86771966855327 2.60176961353516 2.05227108707417
63 0.2 2.7097028303119 1.84098094481743 2.8246335501025 2.02519400995594
64 0.1 2.23679381344236 1.59286314755563 2.33166394189469 1.7586610973099
64 0.2 2.53595013818647 1.60966577212982 2.99701037036016 1.78061890357512
65 0.1 2.30170302759188 1.54721777434162 2.37410381676812 1.72532918114502
65 0.2 2.38847192711588 1.64438415766805 2.43473946543323 1.85482892093018
66 0.1 2.20349159378725 1.61040387078601 2.30684334883903 1.8067008955717
66 0.2 3.04768365296514 1.57152952823772 3.10468567309713 1.79592673847265
67 0.1 2.61681383633564 1.53005136936992 2.54353527414858 1.71366574247711
67 0.2 3.01523319440503 1.54320666491815 3.0926525033656 1.70786168169112
68 0.1 2.17311513052141 1.60267714330457 2.31846378123235 1.84014683140238
68 0.2 2.73326209093351 1.61267177737653 3.01052106357006 1.84061201360136
69 0.1 1.78527252732462 1.29671038645065 1.83161430744738 1.39950735282513
69 0.2 2.02145140414815 1.2727491177496 2.07663480987204 1.39917802552533
70 0.1 2.19853230889807 1.4820368692029 2.21941995500315 1.66875020241693
70 0.2 2.3891571061793 1.47730084730611 2.4574489140217 1.65973117185591
71 0.1 2.11892909559158 1.5496067736305 2.23274896524858 1.78943588216271
71 0.2 2.85032362116453 1.55163199506855 3.52148047075505 1.79080022690063
72 0.1 2.63096291750785 1.89248388755015 2.66928119211275 2.06814255956217
72 0.2 2.86893250024767 1.89150942504682 2.88263978837878 2.09839582916821
73 0.1 3.1548101360976 2.49143251964303 3.10632616712278 2.8625211787958
73 0.2 3.20087580593484 2.18141668877077 3.14666887509898 2.30303514013816
74 0.1 2.21385548172671 1.45589871772438 2.24554040607437 1.63581543003298
74 0.2 2.25519132386001 1.43758889289424 2.26671188060048 1.65160301182432
75 0.1 2.14754665194595 1.43852471690753 2.1760320066957 1.63006986464808
75 0.2 2.23380573087633 1.49369947138175 2.2379606211869 1.63626398208346
76 0.1 1.85264266887655 1.35647392820931 1.98966169464661 1.58559287523001
76 0.2 2.49594131140707 1.3511949595227 3.15402646406914 1.58588310046992
77 0.1 2.18105559965944 1.44742104757176 2.20875644798436 1.58767191235782
77 0.2 2.20474867513241 1.43524342092525 2.21652602685839 1.5736919138044
78 0.1 2.2185312601847 1.58646387484752 2.30071219664389 1.81717440987434
78 0.2 2.51375239605226 1.53312958391234 2.57530780805876 1.78787884204841
79 0.1 1.93019547625181 1.38548352087794 2.008283319631 1.59380966038265
79 0.2 2.30588173088013 1.41905289806578 2.84473297308248 1.58526734520975
80 0.1 2.36214351063345 1.50275915121262 2.37188757084176 1.69779475047824
80 0.2 2.63327636933449 1.50705300412998 2.65363232698426 1.68614716796691
81 0.1 2.29213857402694 1.45812983036806 2.27797700402266 1.63522157870624
81 0.2 2.36016122871522 1.46860849173781 2.34942502014193 1.63411692776942
82 0.1 2.18835786261147 1.63298278645139 2.27975194546484 1.79091012529407
82 0.2 2.51047123888459 1.64102926821213 2.65235091482127 1.77172217375421
83 0.1 2.41335623822667 1.41148478722372 2.34555938843448 1.57945669277866
83 0.2 2.44643030161957 1.40925093165632 2.35676206871044 1.58640786694718
84 0.1 1.9604502146028 1.45957688725633 2.03367094592527 1.69152467090858
84 0.2 2.96867851314077 1.49703575532037 3.0356258486885 1.7196112954452
85 0.1 2.09824753824795 1.66640605356568 2.14243007277853 1.78670504346737
85 0.2 2.14137909512223 1.66194363942515 2.18097661402468 1.75765234966118
86 0.1 2.40187605803254 1.51565297734261 2.38619316966179 1.65084785786188
86 0.2 2.69347339636118 1.50826508975733 2.68089059252792 1.66035492197198
87 0.1 3.03193434574249 1.84115792988538 2.95183241263687 1.94282617850605
87 0.2 3.06954915163844 1.80881781005498 2.99867108075432 1.95762787962207
88 0.1 2.53770585322206 1.6525523849256 2.53398157387415 1.81701915733253
88 0.2 2.67851767235362 1.69202597219335 2.63828369359658 1.81983011628012
89 0.1 2.74196314172758 1.80316353468371 2.79840305572538 1.92772712163893
89 0.2 3.09033738148334 1.8148747519227 3.06436531342089 1.91853856986609
90 0.1 2.00814680698906 1.53119367957753 2.06136769394714 1.63357146410158
90 0.2 2.2817556311702 1.4871976205335 2.28967064547909 1.60016233581006
91 0.1 2.36247674658032 1.76168562278952 2.42641769244782 2.01847208699304
91 0.2 2.63405031957533 1.77623135075997 2.73234256106923 2.00569567353405
92 0.1 2.06383108106277 1.36785792431143 2.0552213706367 1.49249889126225
92 0.2 2.10687462144001 1.39107086346294 2.09655088042524 1.50479587999596
93 0.1 2.23541176869723 1.71428444382166 2.26878536675998 1.86663301852654
93 0.2 2.81643488867939 1.72328396575645 3.02039000918888 1.8952280076995
94 0.1 2.2872203960511 1.51115959133795 2.22119841518828 1.6741179146268
94 0.2 2.35541263317692 1.53015491899501 2.26951889773307 1.69618907432241
95 0.1 2.18264666201642 1.55657396629909 2.18998666494606 1.7244108493505
95 0.2 2.27678944662018 1.56544838928085 2.30229300009766 1.72351174839776
96 0.1 2.01574678573074 1.27170365941932 2.03907261307422 1.47481249313241
96 0.2 2.15651913110898 1.3001851140059 2.56216518509386 1.48109391630901
97 0.1 2.19517180116576 1.56318945660717 2.2669588298492 1.74973849271593
97 0.2 2.446456310604 1.56606525133157 2.52801804649171 1.75183883436942
98 0.1 2.14176487508572 1.37996356320459 2.15839653912275 1.50577416835271
98 0.2 2.19937003215135 1.38673001849009 2.20777168133483 1.50568482580958
99 0.1 2.14755630979317 1.47645234148352 2.21945129601968 1.72331114513938
99 0.2 2.38627917138341 1.47704614353118 2.90687544791229 1.71194048722983
100 0.1 2.07317938222243 1.4719557903588 2.16250194169797 1.73157953465742
100 0.2 2.28798575541041 1.49370199299212 2.38221035544483 1.74235911484025
