1 0.1 0.0171561361153673 0.650641325977207 0.00271789582788619
1 0.2 0.0612442879143631 0.738887869206039 0.00432010800563275
2 0.1 0.0185643923305183 0.516941727710668 0.0118331003831023
2 0.2 0.0755077185212729 0.470082270375483 0.0117115667389081
3 0.1 0.0191422107681727 0.365603571505062 0.00378053226978613
3 0.2 0.0545180008714395 0.371967813083664 0.00386708387272085
4 0.1 0.0144041759989116 0.344970871981804 0.00245888288921497
4 0.2 0.0675765657554336 0.331583600956252 0.00356912309361115
5 0.1 0.0182414753658626 0.603266504809811 0.00336429341746783
5 0.2 0.0604411816382071 0.681429191238221 0.00333531033578928
6 0.1 0.0228373823386875 0.331816709902583 0.00340576877040235
6 0.2 0.0569700232671088 0.405900550240044 0.00287129814501988
7 0.1 0.0171874358924649 0.462234339729018 0.00422438871005495
7 0.2 0.0455129270104084 0.458938649105589 0.00514192712705634
8 0.1 0.0157131668554412 0.412473538816685 0.00676571751939313
8 0.2 0.0552225200852694 0.407178949235664 0.00473565671448873
9 0.1 0.0231847292747794 0.530930579912561 0.00435313035294918
9 0.2 0.0696202281916067 0.734499711976749 0.00514643483662356
10 0.1 0.0220286917174942 0.404488501441211 0.00325507958027514
10 0.2 0.0634423544443779 0.437323920758574 0.0033730433323318
11 0.1 0.0188821976156702 0.623652544191029 0.00586859938619761
11 0.2 0.0486320542411357 1.76486211323185 0.00504821856932278
12 0.1 0.0173763219884306 0.327630481415378 0.00166642358710181
12 0.2 0.0675736059915314 0.334258464081249 0.00230400340412068
13 0.1 0.019740558936339 0.436808575803859 0.00791528252014868
13 0.2 0.0657851254666638 0.496870216145173 0.00858245511724941
14 0.1 0.0187531012219096 0.410605236055834 0.013218875661051
14 0.2 0.053952644665117 0.391861754096987 0.0118194965245449
15 0.1 0.0154605018314557 0.444872275110326 0.0212879310420475
15 0.2 0.0609678802352812 0.456424329290625 0.024602370489427
16 0.1 0.0208561825774063 0.455118834202778 0.00385024620371836
16 0.2 0.0824990089935428 0.450206521888153 0.00493473290080667
17 0.1 0.0149471430085644 0.309905452031544 0.00284801872769783
17 0.2 0.0496164576997983 0.323144176617836 0.00547603157825144
18 0.1 0.0212137154030141 0.430712545034828 0.0021491934829836
18 0.2 0.0649262131253467 0.428066161806835 0.00292001188258748
19 0.1 0.0205130796568404 0.436527224232375 0.00364236936782664
19 0.2 0.0610709441209865 0.485779888529837 0.00249435621843064
20 0.1 0.0298499519611664 0.436881774466221 0.00728743070897652
20 0.2 0.0527200196290062 0.461488056062982 0.00946234141595738
21 0.1 0.0171561361153673 0.650641325977207 0.00271789582788619
21 0.2 0.0612442879143631 0.738887869206039 0.00432010800563275
22 0.1 0.0185643923305183 0.516941727710668 0.0118331003831023
22 0.2 0.0755077185212729 0.470082270375483 0.0117115667389081
23 0.1 0.0191422107681727 0.365603571505062 0.00378053226978613
23 0.2 0.0545180008714395 0.371967813083664 0.00386708387272085
24 0.1 0.0144041759989116 0.344970871981804 0.00245888288921497
24 0.2 0.0675765657554336 0.331583600956252 0.00356912309361115
25 0.1 0.0182414753658626 0.603266504809811 0.00336429341746783
25 0.2 0.0604411816382071 0.681429191238221 0.00333531033578928
26 0.1 0.0228373823386875 0.331816709902583 0.00340576877040235
26 0.2 0.0569700232671088 0.405900550240044 0.00287129814501988
27 0.1 0.0171874358924649 0.462234339729018 0.00422438871005495
27 0.2 0.0455129270104084 0.458938649105589 0.00514192712705634
28 0.1 0.0157131668554412 0.412473538816685 0.00676571751939313
28 0.2 0.0552225200852694 0.407178949235664 0.00473565671448873
29 0.1 0.0231847292747794 0.530930579912561 0.00435313035294918
29 0.2 0.0696202281916067 0.734499711976749 0.00514643483662356
30 0.1 0.0220286917174942 0.404488501441211 0.00325507958027514
30 0.2 0.0634423544443779 0.437323920758574 0.0033730433323318
31 0.1 0.0188821976156702 0.623652544191029 0.00586859938619761
31 0.2 0.0486320542411357 1.76486211323185 0.00504821856932278
32 0.1 0.0173763219884306 0.327630481415378 0.00166642358710181
32 0.2 0.0675736059915314 0.334258464081249 0.00230400340412068
33 0.1 0.019740558936339 0.436808575803859 0.00791528252014868
33 0.2 0.0657851254666638 0.496870216145173 0.00858245511724941
34 0.1 0.0187531012219096 0.410605236055834 0.013218875661051
34 0.2 0.053952644665117 0.391861754096987 0.0118194965245449
35 0.1 0.0154605018314557 0.444872275110326 0.0212879310420475
35 0.2 0.0609678802352812 0.456424329290625 0.024602370489427
36 0.1 0.0208561825774063 0.455118834202778 0.00385024620371836
36 0.2 0.0824990089935428 0.450206521888153 0.00493473290080667
37 0.1 0.0149471430085644 0.309905452031544 0.00284801872769783
37 0.2 0.0496164576997983 0.323144176617836 0.00547603157825144
38 0.1 0.0212137154030141 0.430712545034828 0.0021491934829836
38 0.2 0.0649262131253467 0.428066161806835 0.00292001188258748
39 0.1 0.0205130796568404 0.436527224232375 0.00364236936782664
39 0.2 0.0610709441209865 0.485779888529837 0.00249435621843064
40 0.1 0.0298499519611664 0.436881774466221 0.00728743070897652
40 0.2 0.0527200196290062 0.461488056062982 0.00946234141595738
41 0.1 0.0164578372051505 0.372177757715978 0.00908844842994753
41 0.2 0.053147495715458 0.39824664903677 0.0117557096008747
42 0.1 0.0133037067808677 0.414111115128676 0.0054208403189688
42 0.2 0.0473539942856907 0.488112902906593 0.00524181340650424
43 0.1 0.0218254624138594 0.642736388895787 0.00646637667155953
43 0.2 0.0606722676193259 0.781606628237993 0.0084856152157325
44 0.1 0.0146314912716496 0.426522354420109 0.00936679976470058
44 0.2 0.0494103382555723 0.386180811183335 0.0107593042950272
45 0.1 0.0239914253068765 0.484070294119401 0.0119419811524271
45 0.2 0.0614017163627283 0.504970732608091 0.0179113586465817
46 0.1 0.00964725739776117 0.427036316779522 0.00348556666427832
46 0.2 0.0488944994626281 0.866519236476088 0.00339401239938502
47 0.1 0.0308994277943808 0.540774323412044 0.00482280727528206
47 0.2 0.0631084426622759 0.490295432573036 0.00589175985467162
48 0.1 0.0177845665364925 0.505401107645392 0.0028482059330687
48 0.2 0.0546387554334061 0.51316494113608 0.00406462866550593
49 0.1 0.0214499074579446 0.389016540295004 0.00798022700042079
49 0.2 0.0557596818776978 0.404832150209301 0.00486893025573
50 0.1 0.0157593317778933 0.299574168240671 0.0040757922430089
50 0.2 0.0457665496894008 0.303157040866796 0.00366646883779895
51 0.1 0.0171339060909608 0.275318037009401 0.00641327147990072
51 0.2 0.0583287368819337 0.310651849733314 0.00465360592683669
52 0.1 0.0270302747901171 0.399039095237664 0.00655148342590738
52 0.2 0.0699726417369143 0.390965898152438 0.0110646094163145
53 0.1 0.0195716089959206 0.59108304732284 0.00203773595211917
53 0.2 0.0504741301881603 0.533051713669539 0.00205830694253559
54 0.1 0.0136186120933878 0.527806696019085 0.00572325408045075
54 0.2 0.0523546693388167 1.75588496837163 0.00776668765679474
55 0.1 0.020054458706817 0.534514253565395 0.00396847193574571
55 0.2 0.0579923147424198 0.637489726849798 0.00584248407853987
56 0.1 0.0262667896914538 0.394724832004386 0.00704444157292165
56 0.2 0.058475874901174 0.407676011347723 0.00764134119214855
57 0.1 0.0174851580267771 0.464978001732835 0.00412183965859809
57 0.2 0.0465787352892878 0.502822808967467 0.00377758843017288
58 0.1 0.0253186028876802 0.255060361679766 0.00340826341475545
58 0.2 0.0667627420192973 0.27392802336205 0.00398848343759126
59 0.1 0.0136499871873084 0.499927313905035 0.00781542681801521
59 0.2 0.0563783191404605 1.74510712897062 0.00794257241807453
60 0.1 0.0130969342897398 0.253366705294939 0.00507159414717923
60 0.2 0.0532278920944003 0.279075755453818 0.00468701824136206
61 0.1 0.0222628599744007 0.395151305767913 0.00524537231015991
61 0.2 0.063407258359746 0.487251599338872 0.00777734526705014
62 0.1 0.0240889119409974 0.362170191324524 0.00537984471877398
62 0.2 0.0700517572974867 0.398761447770414 0.00618905308943474
63 0.1 0.0207195550263872 0.607824727726954 0.00612502819061625
63 0.2 0.0626536343449004 0.922602452970008 0.0159507786466179
64 0.1 0.0307419062504901 0.578907630877107 0.00698655131400233
64 0.2 0.0875673231109798 0.600422980457726 0.00971420797003737
65 0.1 0.0193497638791044 0.614071454539733 0.00302721861025166
65 0.2 0.0572026340874588 0.710209869458504 0.00262960264440676
66 0.1 0.0164496375917947 0.379153428413589 0.00490593128378384
66 0.2 0.0661913228300025 0.41839586920403 0.00510256175289466
67 0.1 0.0145839213454579 0.988594591997594 0.00443284650794655
67 0.2 0.0750148632874275 1.31122733475839 0.00493415480270159
68 0.1 0.0215887979176528 0.524813623622494 0.0124551728703239
68 0.2 0.0530323330683047 0.41461887526092 0.0148665514544784
70 0.1 0.028360198795605 0.684306804796735 0.00471911642785988
70 0.2 0.0706396382145815 1.55407542670959 0.00519686242647001
71 0.1 0.0286406095793842 0.368057613596016 0.00672870843185484
71 0.2 0.0730264981259379 0.456099229557917 0.00530656804373039
72 0.1 0.0205241747859086 0.587249090633241 0.0059262695854502
72 0.2 0.0924035193278775 0.80965028844701 0.0083180108320168
73 0.1 0.0209150410861042 0.429501170115777 0.0107258249452099
73 0.2 0.0537878559843405 0.424961894026916 0.00741024622146184
74 0.1 0.0157288848275223 0.314322893191246 0.0185394224482184
74 0.2 0.051187504645878 0.33837451809662 0.0177142078158894
75 0.1 0.0150794134164075 0.412058314719368 0.00419702507299018
75 0.2 0.0536628204613155 0.388105469046559 0.0041809345718369
76 0.1 0.0139235430026266 0.381795112419625 0.00457465208259359
76 0.2 0.0590107591185145 0.434307476317047 0.00450043576298103
77 0.1 0.0235778005827941 0.35675414642583 0.00160174048049731
77 0.2 0.0526326567608044 0.339672505360585 0.00295550979151955
78 0.1 0.0294377302755448 0.742940564486284 0.00746890058033357
78 0.2 0.0657026821178727 0.971765459581647 0.00731630284903785
79 0.1 0.0191416757351991 0.572478573163848 0.00554908617265049
79 0.2 0.0690884643253375 1.60738167031799 0.00546220117022225
80 0.1 0.0169645836012275 0.370184794482774 0.00377693609684855
80 0.2 0.0545572360056708 0.36887170871286 0.00718209431213276
81 0.1 0.0216135606019651 0.602434918275013 0.00768450686324075
81 0.2 0.118044337922838 0.601154743562728 0.00534533100191452
82 0.1 0.0238116125938226 0.430263328370913 0.00439252968894905
82 0.2 0.0523590622204312 0.496610845237189 0.00505467005847905
69 0.1 0.018672273432992 0.562031098594019 0.00394509913752067
69 0.2 0.0519008184128246 0.70773914068815 0.00264488357237681
87 0.1 0.0178786167048728 0.3510194600993 0.00881722251952333
87 0.2 0.0871237473349 0.580289720529036 0.0119478972504097
88 0.1 0.0176752762397084 0.343968662565824 0.00227302180663221
88 0.2 0.0455290068245223 0.334871502230208 0.00271567529634198
89 0.1 0.0171367155266718 0.413739276484598 0.00551367310739608
89 0.2 0.0549385285480719 0.432854212004092 0.00562851612432876
90 0.1 0.0211588091997074 0.780715648148664 0.0186181205164005
90 0.2 0.0610784732503566 1.78948397282385 0.019132587547985
91 0.1 0.0202283464819132 0.369177112689117 0.00466660463979029
91 0.2 0.0568796656914244 0.357394147514202 0.00644680211174885
92 0.1 0.0207587054890532 0.363014941192936 0.00505709847115446
92 0.2 0.0642322044262223 0.344039692432061 0.00619118437649611
93 0.1 0.0271876521655154 0.626939721023511 0.0088723982742807
93 0.2 0.0661691950334734 0.741909922274541 0.00788877181115193
94 0.1 0.0213398539837801 0.435946230078143 0.00901126482988337
94 0.2 0.0814235906240964 0.420390900033455 0.00691019139992857
95 0.1 0.0312893041786918 0.450510225869239 0.0139880415769801
95 0.2 0.0753224771690526 0.563737610834852 0.0119618507542293
96 0.1 0.0261575199542807 0.500263146413106 0.00586290659671966
96 0.2 0.0563177523020857 0.488194113159509 0.00720554988915192
97 0.1 0.0272489514636276 0.681330291582625 0.00519642572024512
97 0.2 0.072949600649084 12.3900261431839 0.00619455200446788
98 0.1 0.0152906915253806 0.966115072084312 0.00458179158883744
98 0.2 0.167740125915676 1.18010108017218 0.00848537510523441
99 0.1 0.0166012779525015 0.520811700434247 0.00424582136357041
99 0.2 0.0542607956261256 0.607613119663757 0.00488760147589792
100 0.1 0.0148270057946019 0.397465902074743 0.00380953153038302
100 0.2 0.0499453628013024 0.459991130745262 0.00474051118494638
84 0.1 0.0193876950774134 0.374157277888489 0.00306409394164088
84 0.2 0.0589672273172525 0.382395355287404 0.00363551129073543
85 0.1 0.0166927410602668 0.50128827587865 0.00508558115177048
85 0.2 0.0586577237097223 0.552777202027401 0.0053827339554889
83 0.1 0.0191436062692171 0.710255489648273 0.00285882788980861
83 0.2 0.0431600420343885 0.721994581928987 0.00475057021621208
86 0.1 0.0210491699245937 0.573231676985746 0.00495273065289469
86 0.2 0.0844791879083494 0.628903621625651 0.00756148829413261
