1 0.1 1.86869553184087 1.57525381259096 1.88301191117813 1.58576398759854
1 0.2 1.42622543594117 1.30908343192903 1.44161277249305 1.32942624599406
2 0.1 2.26564112536876 1.72162128326801 2.26673664996184 1.78694106039022
2 0.2 1.90821898843373 1.58983444395143 1.90702889450983 1.624852635559
3 0.1 2.02164085704527 1.5317706205493 2.01578839941839 1.5229283035641
3 0.2 1.68612502008362 1.4934388239876 1.68917567515364 1.49263981946946
4 0.1 1.86234128303412 1.51981805283747 1.86508967624799 1.5365566663758
4 0.2 1.54644190847068 1.35842996840679 1.54325785197366 1.36402959922195
5 0.1 1.77136555529834 1.45013200872941 1.76891589638047 1.46133123108216
5 0.2 1.44746197543408 1.32028732477983 1.44670401638163 1.29672673600759
6 0.1 2.45043449526208 1.55780283769617 2.45066914894568 1.53016138883428
6 0.2 1.85575024348802 1.50731924469669 1.85205185209944 1.51889162779356
7 0.1 2.89497850640216 2.09053539092368 2.90884248396102 2.11996731433618
7 0.2 2.17229638070069 1.73952710976066 2.18673457879642 1.75600584497532
8 0.1 2.67303410109173 1.93151245969796 2.6685103503441 1.93610630669478
8 0.2 2.12714817922168 1.80843969671021 2.12204302585861 1.80271111173759
9 0.1 1.78180792477593 1.58318762116713 1.79319573445252 1.61108302756157
9 0.2 1.53887975285628 1.44115197407195 1.54410675600659 1.46088757826535
10 0.1 1.7895237156407 1.43776064996939 1.78498570670646 1.46035170034355
10 0.2 1.41385757733061 1.22599537908305 1.42051916163034 1.23864364947679
11 0.1 2.04768635292574 1.8297987868951 2.04978896241319 1.80972073000356
11 0.2 1.72549302210646 1.50431710006008 1.72820799198982 1.49817417119734
12 0.1 2.24972668807849 1.71226200340893 2.25504645653731 1.7559133526434
12 0.2 1.71463736606 1.47234183732998 1.71821463398615 1.50908527690121
13 0.1 2.04796137292757 1.49452025618502 2.04606206413787 1.48225075624506
13 0.2 1.63282096952135 1.38583781878779 1.63692339290387 1.40783987381552
14 0.1 2.42017198162582 1.95008178032698 2.41066363264108 1.93691398663806
14 0.2 1.87238604667134 1.62771777981411 1.86673373853875 1.61621721079058
15 0.1 2.04557524881164 1.71279863035115 2.04827396238039 1.75350747748408
15 0.2 1.63325810541848 1.44280205229551 1.64502722237431 1.49659045613075
16 0.1 2.48991051172527 1.86120103161606 2.48611262753663 1.87553122941931
16 0.2 1.8910518743827 1.63125200063255 1.89915856926384 1.64100065806813
17 0.1 1.37280684278266 1.20563418919673 1.38361358990695 1.25026685349494
17 0.2 1.13585754092437 1.06850152700669 1.14213897167203 1.0915063180411
18 0.1 2.48880518514997 2.05798062789607 2.49546735993641 2.06183053209495
18 0.2 1.93035050266639 1.68035109964388 1.92959511950207 1.68938112473777
19 0.1 1.65726058566159 1.34767021700113 1.65533034028602 1.38940368580618
19 0.2 1.35527736230445 1.17522842735747 1.35959936211358 1.1836372751794
20 0.1 1.9387593588887 1.47316400442027 1.93480404964045 1.48675214875622
20 0.2 1.57973967953002 1.30814315998361 1.59121252817138 1.32592356980158
21 0.1 1.86869553184087 1.57525381259096 1.88301191117813 1.58576398759854
21 0.2 1.42622543594117 1.30908343192903 1.44161277249305 1.32942624599406
22 0.1 2.26564112536876 1.72162128326801 2.26673664996184 1.78694106039022
22 0.2 1.90821898843373 1.58983444395143 1.90702889450983 1.624852635559
23 0.1 2.02164085704527 1.5317706205493 2.01578839941839 1.5229283035641
23 0.2 1.68612502008362 1.4934388239876 1.68917567515364 1.49263981946946
24 0.1 1.86234128303412 1.51981805283747 1.86508967624799 1.5365566663758
24 0.2 1.54644190847068 1.35842996840679 1.54325785197366 1.36402959922195
25 0.1 1.77136555529834 1.45013200872941 1.76891589638047 1.46133123108216
25 0.2 1.44746197543408 1.32028732477983 1.44670401638163 1.29672673600759
26 0.1 2.45043449526208 1.55780283769617 2.45066914894568 1.53016138883428
26 0.2 1.85575024348802 1.50731924469669 1.85205185209944 1.51889162779356
27 0.1 2.89497850640216 2.09053539092368 2.90884248396102 2.11996731433618
27 0.2 2.17229638070069 1.73952710976066 2.18673457879642 1.75600584497532
28 0.1 2.67303410109173 1.93151245969796 2.6685103503441 1.93610630669478
28 0.2 2.12714817922168 1.80843969671021 2.12204302585861 1.80271111173759
29 0.1 1.78180792477593 1.58318762116713 1.79319573445252 1.61108302756157
29 0.2 1.53887975285628 1.44115197407195 1.54410675600659 1.46088757826535
30 0.1 1.7895237156407 1.43776064996939 1.78498570670646 1.46035170034355
30 0.2 1.41385757733061 1.22599537908305 1.42051916163034 1.23864364947679
31 0.1 2.04768635292574 1.8297987868951 2.04978896241319 1.80972073000356
31 0.2 1.72549302210646 1.50431710006008 1.72820799198982 1.49817417119734
32 0.1 2.24972668807849 1.71226200340893 2.25504645653731 1.7559133526434
32 0.2 1.71463736606 1.47234183732998 1.71821463398615 1.50908527690121
33 0.1 2.04796137292757 1.49452025618502 2.04606206413787 1.48225075624506
33 0.2 1.63282096952135 1.38583781878779 1.63692339290387 1.40783987381552
34 0.1 2.42017198162582 1.95008178032698 2.41066363264108 1.93691398663806
34 0.2 1.87238604667134 1.62771777981411 1.86673373853875 1.61621721079058
35 0.1 2.04557524881164 1.71279863035115 2.04827396238039 1.75350747748408
35 0.2 1.63325810541848 1.44280205229551 1.64502722237431 1.49659045613075
36 0.1 2.48991051172527 1.86120103161606 2.48611262753663 1.87553122941931
36 0.2 1.8910518743827 1.63125200063255 1.89915856926384 1.64100065806813
37 0.1 1.37280684278266 1.20563418919673 1.38361358990695 1.25026685349494
37 0.2 1.13585754092437 1.06850152700669 1.14213897167203 1.0915063180411
38 0.1 2.48880518514997 2.05798062789607 2.49546735993641 2.06183053209495
38 0.2 1.93035050266639 1.68035109964388 1.92959511950207 1.68938112473777
39 0.1 1.65726058566159 1.34767021700113 1.65533034028602 1.38940368580618
39 0.2 1.35527736230445 1.17522842735747 1.35959936211358 1.1836372751794
40 0.1 1.9387593588887 1.47316400442027 1.93480404964045 1.48675214875622
40 0.2 1.57973967953002 1.30814315998361 1.59121252817138 1.32592356980158
41 0.1 1.90301869160295 1.58808807297736 1.90449466600394 1.63722945345096
41 0.2 1.47308166070557 1.28583345306838 1.49213398840314 1.32257152681844
42 0.1 1.92867569724439 1.56139276971296 1.94794587407681 1.58462625232937
42 0.2 1.53086496720554 1.36723458670977 1.53284537869538 1.3770472374879
43 0.1 2.47767022980721 2.13726099921801 2.46571662341137 2.15873003769213
43 0.2 1.89825671600457 1.70142484127211 1.90720386115191 1.76539595545601
44 0.1 2.08941417249601 1.80429584599954 2.10612335102799 1.84514333583309
44 0.2 1.63013981408582 1.44319613771067 1.63297848524315 1.45162531652702
45 0.1 2.27794204515117 1.77376348342585 2.29916537954999 1.81479771946376
45 0.2 1.80106857258201 1.55089298850947 1.81310694033078 1.58663146858355
46 0.1 2.0366382640798 1.59457362770828 2.03956676535768 1.6366620088835
46 0.2 1.61180757168811 1.39573011295192 1.62305169349292 1.40935314659356
47 0.1 1.82767332079526 1.41878474634113 1.82991017249093 1.47093401032124
47 0.2 1.5849587199243 1.27724525811609 1.58720098390194 1.29543200936675
48 0.1 2.41957807404336 1.79323405453502 2.42119379173197 1.80388039962256
48 0.2 1.8845894508359 1.59237138021997 1.89124266177268 1.58330368975862
49 0.1 2.59354778881676 1.8711448614098 2.58911622585516 1.87044569505788
49 0.2 1.96881645820741 1.61541842091755 1.97449418866495 1.60598722655485
50 0.1 2.62294541829809 1.95650563112982 2.63963562630332 1.98847974785864
50 0.2 1.96736041980644 1.686324232143 1.97674998602387 1.70964001867692
51 0.1 1.75882024897775 1.41152893511026 1.77706917828881 1.44294751182207
51 0.2 1.39153657280772 1.22191088139369 1.41727662168858 1.28107435191237
52 0.1 2.05381028082134 1.71287985771902 2.05878605146421 1.71783988541225
52 0.2 1.6229602952817 1.57052881394892 1.62244698626653 1.5734956408242
53 0.1 2.11019259898828 1.88033557384436 2.10335586298242 1.85027020282894
53 0.2 1.69684801381173 1.54735380171397 1.71451157154586 1.58603869341644
54 0.1 1.943937698243 1.55996764273671 1.94825233923828 1.58102059775457
54 0.2 1.64436365625116 1.32482830682497 1.64743374063514 1.34388258361325
55 0.1 2.04177672251004 1.62933286369401 2.04627641692047 1.67080808609087
55 0.2 1.70516342528415 1.47940392287841 1.71304231200585 1.49056498032259
56 0.1 1.96955611250521 1.62932516347187 1.96584430766147 1.62608071849669
56 0.2 1.55598712722651 1.41670736038552 1.56414075850811 1.42878985621809
57 0.1 1.43490073906475 1.16009883493992 1.44624733284482 1.23001465981693
57 0.2 1.25735501903798 1.10573477296185 1.27262411628788 1.1324554601949
58 0.1 1.7718689283006 1.56607527681343 1.77490611574657 1.57287459795169
58 0.2 1.33966760243189 1.23702202926139 1.34306810146928 1.23955728263309
59 0.1 1.76454618253348 1.46445363798532 1.76279104389632 1.48497631162111
59 0.2 1.53287397203904 1.32687628329036 1.53401603326555 1.35058070169075
60 0.1 1.72170695626592 1.3020454629369 1.71777645218962 1.30790307340068
60 0.2 1.37815523853556 1.179636364975 1.38132332504336 1.19905130557708
61 0.1 1.51756752897389 1.20869050023549 1.52117427186233 1.25521543360802
61 0.2 1.3144156998917 1.20285419198706 1.31652522634741 1.24537822391046
62 0.1 1.8500819380162 1.59016836630881 1.84578628146235 1.59240627709917
62 0.2 1.40066726724532 1.3270817322181 1.39718715262726 1.33465902117795
63 0.1 2.74430069510222 2.14970885097894 2.74315648458508 2.14889238826408
63 0.2 2.14960181453287 1.91115865465719 2.14655325845386 1.92651254427943
64 0.1 1.6694689572166 1.28160302191411 1.66644277080786 1.26555622549979
64 0.2 1.39992745145557 1.1903030321581 1.39943114793737 1.19599622379226
65 0.1 2.36519099912117 1.81707305941714 2.33409473891784 1.79000543369301
65 0.2 1.93424456893316 1.66239105561895 1.95139778795729 1.76481995099288
66 0.1 2.03416463202418 1.6313145023183 2.0479734043368 1.63790276645938
66 0.2 1.59811749024814 1.39980772134869 1.61030570187895 1.39450954810832
67 0.1 1.9388974191646 1.6899451812567 1.93677330181896 1.72628904064489
67 0.2 1.65769598243273 1.39889770649281 1.66008299628654 1.42023281660131
68 0.1 2.63042961757893 2.15668765021734 2.6316197435078 2.15610025273713
68 0.2 2.03664028321948 1.78127423600029 2.03609539109738 1.8022304304938
70 0.1 2.83150404049516 2.30335137333634 2.83685595868046 2.29792204262328
70 0.2 2.17250679543275 1.87356251837451 2.1768510094219 1.86591998918314
71 0.1 2.13072515339742 1.59273219115474 2.12747744651868 1.59663174317543
71 0.2 1.58441248256003 1.38623505055628 1.59009813534533 1.39457646647146
72 0.1 2.17677139787327 1.69219560882411 2.17144881852788 1.71061084154398
72 0.2 1.72580163517057 1.45109535514313 1.73044853911287 1.49815988850188
73 0.1 2.37038109548088 1.89194454910935 2.38496775478038 1.89317638140533
73 0.2 1.79587568020096 1.59968783504771 1.80344213392402 1.60078937368113
74 0.1 1.82395605982969 1.40215684362446 1.84317258461633 1.42475000067553
74 0.2 1.48304213690369 1.28490145467958 1.48489926941255 1.30247749362614
75 0.1 1.97513160362447 1.41785171244929 1.97575642291357 1.43334140255966
75 0.2 1.68150011534659 1.38296219589003 1.68406704522903 1.39261594363978
76 0.1 1.91837903337445 1.48713887815072 1.93269528740216 1.50170156844245
76 0.2 1.5445323723245 1.31265392640857 1.56204123033556 1.31750344287804
77 0.1 1.90426060415764 1.40934752549356 1.91310686938451 1.41106800140902
77 0.2 1.52714221459408 1.23259125783385 1.5413415112151 1.25965550419355
78 0.1 1.66150606112376 1.52761754879583 1.66218219485772 1.61736066178261
78 0.2 1.51368192612067 1.33785843844971 1.51458255739444 1.36770242279901
79 0.1 1.73240901309083 1.51781251843753 1.7304140895204 1.56074866760745
79 0.2 1.50203505048113 1.29268722287748 1.50227860807565 1.31768221349989
80 0.1 1.59659015465645 1.24830352152646 1.59569960444156 1.2343018604459
80 0.2 1.35480509480035 1.15566338307149 1.35807597976991 1.18855474754495
81 0.1 2.36209449099211 1.93612990830934 2.36821448895898 1.93865674790284
81 0.2 1.85618538803283 1.60293779064907 1.86391562475676 1.63791848973151
82 0.1 2.20560101823637 1.86869719278858 2.19447395963408 1.88846315358567
82 0.2 1.72225416906826 1.49779787933491 1.72551529232117 1.48439787325597
69 0.1 2.47483067267108 1.88130333357186 2.47585821324952 1.9072284221982
69 0.2 1.89358844688265 1.68033100604726 1.89460717226952 1.69320075652519
87 0.1 2.09442591243072 1.56888496159265 2.09636198682841 1.54525484831989
87 0.2 1.65186262241394 1.4352384183341 1.66342072210191 1.49458710041203
88 0.1 2.49086341095346 1.77732988263464 2.49723823740454 1.75264994997388
88 0.2 1.90517061176646 1.62534914505429 1.90238151157433 1.62096635544253
89 0.1 2.70680196107386 2.11461088587125 2.7030986768874 2.09441971742075
89 0.2 2.06073523948348 1.81334060005174 2.06466818478808 1.83184563581316
90 0.1 1.97040726000116 1.65281339113336 1.99019092138692 1.71275530536327
90 0.2 1.78772133199318 1.53111201625807 1.79897394499508 1.60828155967439
91 0.1 2.32295751910021 1.76749561141105 2.32432688717673 1.77814506271961
91 0.2 1.83048780891861 1.58058440085586 1.83584653845017 1.61303504040496
92 0.1 1.71374643040199 1.40446028668833 1.71367629173288 1.42868266690893
92 0.2 1.45188481049161 1.28522171740715 1.45547693497797 1.30649077129991
93 0.1 1.83465253254582 1.41545142107381 1.84020385681336 1.42759479728076
93 0.2 1.58539980107563 1.34055102175058 1.59075667208795 1.34993775621263
94 0.1 2.30320939262844 1.84815868886085 2.31003869225719 1.85928559824623
94 0.2 1.77365749567236 1.59954558301674 1.78658215276853 1.60194578256091
95 0.1 1.97727122911492 1.68485283399595 1.96920231936084 1.70630705103507
95 0.2 1.56857016557259 1.39149572172525 1.57052154101215 1.40315677931248
96 0.1 2.16375030704912 1.6399721862913 2.15603119664363 1.64193420790874
96 0.2 1.79295336491183 1.52762702752497 1.79733581438687 1.53474294746344
97 0.1 2.58902548286102 2.08729407178535 2.57859488121989 2.08331965577042
97 0.2 1.88314473646027 1.83567373302557 1.96434760893193 1.85110990041318
98 0.1 1.80403768942589 1.49608931863895 1.7998342305683 1.54721835059732
98 0.2 1.49215439473407 1.25804006968749 1.49293278524395 1.26329988891393
99 0.1 2.23690382487658 1.7015987348072 2.23175853045692 1.72219243802913
99 0.2 1.7929168663039 1.57140378623599 1.79350860990615 1.580731147264
100 0.1 2.35188560934972 1.89802509779205 2.35318096592504 1.94334069815684
100 0.2 1.75624475306344 1.54530854008952 1.75921118306628 1.56528019387365
84 0.1 2.10309476889391 1.66400863505611 2.11614796563533 1.6898851797708
84 0.2 1.59002409324796 1.38967089634842 1.60204791714283 1.43481914020313
85 0.1 1.67979195796195 1.28359689343415 1.67612336908057 1.28115352270957
85 0.2 1.43585690298995 1.14270914369124 1.42779988979908 1.1461820683853
83 0.1 2.19564119936796 2.02385451242332 2.19513808159133 2.02616067018519
83 0.2 1.77406483851723 1.55420532329109 1.78269597946105 1.57810888345745
86 0.1 1.73475908511156 1.39937267126593 1.73390541550086 1.3973595254528
86 0.2 1.45785679219085 1.33987156897144 1.47839515135412 1.39836119070388
