1 0.1 0.0563514812792032 0.0102000473007444 0.0513224071614045
1 0.2 0.116989758779249 0.0188126190725921 0.0539612029770963
2 0.1 0.0255980820054216 0.014148397860804 0.0160652426185296
2 0.2 0.110625597615259 0.0166763446702412 0.0358426447852602
3 0.1 0.0596537521121457 0.0108046827197061 0.0555155866478303
3 0.2 0.136611305570788 0.0133031450716513 0.0763614298043289
4 0.1 0.0389487708672098 0.0250659379354588 0.0403237554608585
4 0.2 0.171690671620605 0.0204186264027808 0.104946552437384
5 0.1 0.0465246230606746 0.011556967304025 0.0198632229500372
5 0.2 0.151832784958663 0.019160036935949 0.0782418030442632
6 0.1 0.0343394215952788 0.0239599596296739 0.0286884434886894
6 0.2 0.149265314532414 0.017881996147107 0.0296129223354507
7 0.1 0.0561622974358705 0.0120431200473022 0.0460458578121925
7 0.2 0.104273314873211 0.0225032481736896 0.043725011361169
8 0.1 0.0307885438991732 0.0258117491811633 0.0309416067704191
8 0.2 0.095838344725777 0.0321413896678916 0.0391894518129736
9 0.1 0.0493486976864816 0.0325484771538002 0.0364946188208588
9 0.2 0.133507059873658 0.0459164266571777 0.0562872153843208
10 0.1 0.0500056859851661 0.0233741050999455 0.0313948133510724
10 0.2 0.117171682189887 0.0322028387199453 0.0355411703045312
11 0.1 0.0549351220495809 0.0141096822249513 0.0407681412984727
11 0.2 0.153176759466644 0.0236795787950184 0.14980324912001
12 0.1 0.0529884831800581 0.0101154306378692 0.0298854147172252
12 0.2 0.125027686893107 0.00952984875214482 0.0279888533733014
13 0.1 0.0409677586382289 0.0230040869651645 0.0240806194416759
13 0.2 0.0844046555681619 0.0374126326961102 0.0385109238351794
14 0.1 0.0600393463013061 0.0162871749939826 0.0302931344119089
14 0.2 0.142875834812478 0.013825189341163 0.0275517743277478
15 0.1 0.0249666672136959 0.0231871065520713 0.0325036479834011
15 0.2 0.114334848629745 0.0139352841914794 0.0209818973021183
16 0.1 0.0205587769152421 0.0254560669526986 0.0268933554795012
16 0.2 0.0601611107890426 0.0285445432728457 0.031545345809427
17 0.1 0.0637470171202696 0.0322424717419524 0.0761242576609948
17 0.2 0.121105181369953 0.03042815704326 0.0379538495780778
18 0.1 0.0645116400741709 0.0305583780943598 0.0530313786830285
18 0.2 0.109185008889528 0.0285913172447607 0.0641012732763646
19 0.1 0.0423073814398232 0.0130137617786005 0.0171646329781926
19 0.2 0.12449302653697 0.018297808795698 0.0488630741963462
20 0.1 0.0465354047862325 0.0153276819673225 0.0325076562272642
20 0.2 0.177103652342325 0.0332990140904867 0.0455168824634597
21 0.1 0.0225578747530682 0.0277923705498037 0.028171495403898
21 0.2 0.0964702675764577 0.0407127023809632 0.0388371049141982
22 0.1 0.0619071742121197 0.0274876882840702 0.0334470600527849
22 0.2 0.134056912626221 0.0317437981853652 0.0482467058328701
23 0.1 0.0493698867004487 0.0165491695101889 0.0279843002584416
23 0.2 0.0889030048623092 0.0215437980363431 0.0408243268421271
24 0.1 0.0492660060293668 0.0203374665501453 0.039436236238438
24 0.2 0.11833792837716 0.0243831326782013 0.0519262777584592
25 0.1 0.043403977895946 0.0333018636178288 0.043352387127502
25 0.2 0.155018499012042 0.0236127518291669 0.106882154463315
26 0.1 0.0835334306815744 0.0270552558803483 0.0646205074338784
26 0.2 0.117889527525311 0.0251175004777379 0.0608657721411045
27 0.1 0.0338746011442149 0.012246031635327 0.0152971687540767
27 0.2 0.0824627351964797 0.0135209997009202 0.0201731565784979
28 0.1 0.0239281540454425 0.00730079179310318 0.0217982082186437
28 0.2 0.104062940653004 0.0109669636081316 0.0254030259318848
29 0.1 0.0629656808903705 0.0124830740829653 0.057636409809662
29 0.2 0.176981935038045 0.0102931829757943 0.0674430533202956
30 0.1 0.0501794674821667 0.0204146908890026 0.0337978525891384
30 0.2 0.159686490938744 0.0186400849512289 0.0663861622161589
31 0.1 0.041502811103895 0.0397343209310761 0.039649648064686
31 0.2 0.0878327669355859 0.035254024809797 0.0371058336058378
32 0.1 0.0272736898845239 0.016369056787489 0.0194501344278611
32 0.2 0.129046231763629 0.0102061966574806 0.0358431302387334
33 0.1 0.020473107370081 0.0109630385557091 0.0146799030348093
33 0.2 0.113835272572784 0.00985323937921402 0.0156953453346484
34 0.1 0.0216938403291047 0.0061854605301432 0.0162988785982711
34 0.2 0.0743738007912597 0.00806828817799813 0.0177861998749566
35 0.1 0.0671221401980251 0.0271164853384467 0.0575987769323819
35 0.2 0.145356337924918 0.02949409915596 0.092754485643319
36 0.1 0.048377108920197 0.0201653766284667 0.0541631984540983
36 0.2 0.0804093492175158 0.0235311472840805 0.0317582914686548
37 0.1 0.0461787132153849 0.0119478665136994 0.0422560177731714
37 0.2 0.123768852436773 0.0176709092172268 0.0482468058385958
38 0.1 0.0876153000484897 0.0202617561105213 0.058420099494029
38 0.2 0.169393593784564 0.0183625405611764 0.0635631118990493
39 0.1 0.115564441036223 0.0170446715416618 0.0657977292487046
39 0.2 0.165948958441722 0.0208280282646981 0.0750026701854466
40 0.1 0.044990057496438 0.0180168523651183 0.0654907705369377
40 0.2 0.132659739209095 0.016159906546453 0.0612104837159469
41 0.1 0.0503726534007135 0.038502527084775 0.0468630132159595
41 0.2 0.0696497996365831 0.0288024955401136 0.0316234383369642
42 0.1 0.0361658068384984 0.0136454902677258 0.0187741529028971
42 0.2 0.0857428904094189 0.0123029490877688 0.0302886446263314
43 0.1 0.0329077515572014 0.0119320865133494 0.0152215219202549
43 0.2 0.110985254083069 0.0110511545198476 0.0170544931362934
44 0.1 0.0245667063907254 0.00817594730659432 0.0117268452577676
44 0.2 0.11761035690467 0.0156357100213762 0.0248327467683354
45 0.1 0.0657463819023338 0.0057655364266635 0.0253707676562383
45 0.2 0.116845451434183 0.011324600199994 0.0403089106939732
46 0.1 0.0560818275875694 0.0215597527268835 0.0542794397777292
46 0.2 0.0961305728197793 0.0194528595297635 0.0308041760732521
47 0.1 0.0287624324601262 0.0057214627299745 0.0208357974441998
47 0.2 0.109112490782891 0.00991194738935921 0.0365106615775772
48 0.1 0.0555458783561833 0.0171844362192432 0.0367112867383521
48 0.2 0.10683240449233 0.012344459732489 0.0360414285613215
49 0.1 0.0447571589900839 0.0314510760204426 0.0502079174979263
49 0.2 0.110321315848144 0.0283361504178405 0.0393341065949313
50 0.1 0.0587482312985702 0.0173255859310335 0.048801362706245
50 0.2 0.143939715201987 0.0261137942398101 0.0636720729714476
51 0.1 0.0236850814744685 0.0505901520082335 0.0495977251130272
51 0.2 0.0543167655732985 0.0694258277152554 0.0669416089922661
52 0.1 0.0227748951708961 0.0207768807563154 0.0276461962300177
52 0.2 0.0862160587277202 0.0231815717162418 0.027210232061218
53 0.1 0.0650301974590459 0.022208780631406 0.0458061553002006
53 0.2 0.120860867402176 0.0250715896078425 0.0595747113475696
54 0.1 0.0386846819646219 0.00883562819943228 0.0360146728972804
54 0.2 0.118314177211735 0.00935278429494496 0.0414580771927422
55 0.1 0.0370568428951613 0.0183987906918466 0.0220366654026211
55 0.2 0.120774044740048 0.00974341079715619 0.0432478976003241
56 0.1 0.0240591790489578 0.00750650705753444 0.00959876452738392
56 0.2 0.0921322919437072 0.00914863484018562 0.0147786921085893
57 0.1 0.0270867996086299 0.0209764631570302 0.0234699766548379
57 0.2 0.126031840904779 0.0144557477386316 0.0596663856791364
58 0.1 0.019214667598089 0.010391634364027 0.0134638724735939
58 0.2 0.115301770362051 0.0110571161225817 0.0174169364214052
59 0.1 0.0515832706279084 0.029407114769762 0.039863795774413
59 0.2 0.113820923257123 0.0321166039081241 0.0425259450963117
60 0.1 0.105107369204606 0.00955489584704887 0.0664846476509786
60 0.2 0.158300788026055 0.0141542355475969 0.0737767281866057
61 0.1 0.0539455166147222 0.0286393346164388 0.0321422391394207
61 0.2 0.139470258965323 0.0356724588887518 0.0602458875220663
62 0.1 0.0630562785094284 0.0104291702397981 0.0288855486422088
62 0.2 0.208629504838818 0.0162429080415492 0.0405702742017496
63 0.1 0.02223183980255 0.0160275280638769 0.0253912000568784
63 0.2 0.117429969853897 0.0120655296886179 0.0219503687156301
64 0.1 0.0659765639994699 0.016316303013103 0.0615212545051757
64 0.2 0.115996422604968 0.0235632578336752 0.0633978793824072
65 0.1 0.0309333298555971 0.0152205765889267 0.0182559959757494
65 0.2 0.127054044394761 0.0202450038466967 0.025532772395514
66 0.1 0.0487025596276014 0.0141912564113439 0.0324258938460866
66 0.2 0.121436600977683 0.00892527727247938 0.0304416423798602
67 0.1 0.0271083443524588 0.0274734875963582 0.035218125543547
67 0.2 0.100851756095897 0.0307571671114224 0.0380157406599592
68 0.1 0.0207508909666171 0.0189863328404506 0.0199039244740712
68 0.2 0.064975107196064 0.020456114497183 0.0417860485699318
69 0.1 0.0540557401609978 0.0196918255033608 0.028874635771618
69 0.2 0.119064275535792 0.0196260722315833 0.124249859211979
70 0.1 0.0127317271716553 0.0226140588306656 0.0226864555300056
70 0.2 0.0950080773434429 0.0207355439825838 0.0283367880473197
71 0.1 0.0539184189686822 0.0210573746838699 0.0339405725131873
71 0.2 0.196849466162241 0.018992552117991 0.0609584917307395
72 0.1 0.037152437846361 0.0145604272103245 0.0375049566089394
72 0.2 0.134179003249272 0.0125630827703231 0.0340683615689621
73 0.1 0.0244698449233531 0.0243313876917865 0.0257503802710399
73 0.2 0.0652282239871627 0.0178368738425498 0.0236461113672799
74 0.1 0.0391124980151598 0.0219881039381411 0.0269861436188282
74 0.2 0.118008962201939 0.0131328372438022 0.0297661482287713
75 0.1 0.0463629258894862 0.0289108342950844 0.0321877756526861
75 0.2 0.0808114220850707 0.0333809284068736 0.0380744225909849
76 0.1 0.0269637580275092 0.0222713871391657 0.0267946379543491
76 0.2 0.0743429969940171 0.0250779330143337 0.0283233223379535
77 0.1 0.0579290520490816 0.0213969751101193 0.0541485710524736
77 0.2 0.0989463077458415 0.016458284509943 0.030666676358048
78 0.1 0.071088973701984 0.0127412668908595 0.0328449362371097
78 0.2 0.122790758531035 0.0190192919964772 0.0263592951212211
79 0.1 0.0550421569798004 0.0476281661443116 0.0437367871366507
79 0.2 0.101980069697617 0.0442348646544359 0.0415869376608794
80 0.1 0.0719773890472068 0.0138094516985414 0.0682829280466818
80 0.2 0.0994806651834709 0.0137275959236391 0.0604188440674216
81 0.1 0.0491320102992256 0.0161442436268745 0.0381162245100243
81 0.2 0.127141455705993 0.0130172841373691 0.0519814930151525
82 0.1 0.0852467233420576 0.00638707864239241 0.0860815441847745
82 0.2 0.155948160467881 0.00567131278023549 0.106674383155359
83 0.1 0.0210428779845228 0.0212327516435212 0.0330870714699362
83 0.2 0.286918239028621 0.0154414233216258 0.0460250060520052
84 0.1 0.0405197480174421 0.00751148030610503 0.0209108361862651
84 0.2 0.117687071956967 0.00956192777919458 0.0193530427519475
85 0.1 0.0276321015606198 0.00752105153506749 0.017262444707514
85 0.2 0.0941134490291817 0.00493256516956871 0.0154329037434104
86 0.1 0.0434710204882054 0.0356633214226646 0.0493874594003536
86 0.2 0.122645215721617 0.038941506774976 0.059418395367931
87 0.1 0.0385450011128537 0.0209964056866854 0.044298734504052
87 0.2 0.13540527126244 0.0170610731424098 0.0515396105175809
88 0.1 0.0202418778025212 0.0338559569384789 0.0397577806752322
88 0.2 0.098302175410467 0.0448943149201472 0.0455151195353146
89 0.1 0.0258139541029266 0.0264752397976857 0.0350772056111316
89 0.2 0.131502786503353 0.0315892500573288 0.037621986231748
90 0.1 0.0502057008826868 0.015272729091525 0.0482051258698857
90 0.2 0.100027685675772 0.014833733683832 0.04862367637233
91 0.1 0.076168669213433 0.0091084114710063 0.0270982172966259
91 0.2 0.139895982748258 0.0100190299606138 0.0418675352638437
92 0.1 0.0229377381346033 0.0331855829157379 0.0400486681269501
92 0.2 0.0569925816113794 0.0460457036254655 0.0483639279501154
93 0.1 0.0500165362295748 0.0103886563873981 0.0514794617308447
93 0.2 0.1217298850465 0.0090209158280445 0.039487769039303
94 0.1 0.0299328601462753 0.0201426998421548 0.0345507168695732
94 0.2 0.0863639280562119 0.0216223258710033 0.0360424806293279
95 0.1 0.0279673962645386 0.012281054772783 0.0173746511651843
95 0.2 0.0551857789545419 0.0120110897917576 0.0173185140826138
96 0.1 0.0652446518096375 0.0135697660208202 0.0554782311729752
96 0.2 0.102684606308233 0.0190624120621389 0.0605235441320639
97 0.1 0.0620993533089399 0.0368182917842262 0.0410041986564616
97 0.2 0.185024306642514 0.0423001568269881 0.0518177830383994
98 0.1 0.0504801661397953 0.032871906737393 0.0323755838332119
98 0.2 0.0978780457710705 0.052914536831299 0.0485290179701301
99 0.1 0.0541886195339162 0.0197053831465826 0.0240981374958886
99 0.2 0.119894572788227 0.0200952596717527 0.0307459226195966
100 0.1 0.0603099499772701 0.0118735856915941 0.0391246618914987
100 0.2 0.182605575610462 0.0140987604213826 0.0687680048894564
