1 0.1 0.145658132725487 0.153532253877184 0.152231725858376 0.155799121391984
1 0.2 0.23113462083909 0.228522311320256 0.23471723049064 0.234549823778903
2 0.1 0.253201406061396 0.252925870625048 0.253981023592216 0.253579875088398
2 0.2 0.345576575685884 0.347071710401212 0.343975550957961 0.346090895858713
3 0.1 0.135575126651513 0.142973675043917 0.133848791352562 0.140479305462508
3 0.2 0.244859537458511 0.255721408474365 0.245173937731493 0.255754100518601
4 0.1 0.222655189629045 0.221238617372649 0.219250617282368 0.237964616117839
4 0.2 0.363507321456939 0.394882810975185 0.362714462489551 0.414082077440531
5 0.1 0.22147720536668 0.22183180760517 0.221687704839448 0.222092376608858
5 0.2 0.359285420133286 0.374335422324332 0.360540797714158 0.37653608051335
6 0.1 0.144584108191683 0.144733412189378 0.149245922551576 0.149146139740907
6 0.2 0.170145384944516 0.171214377714279 0.16817744619136 0.169167889826643
7 0.1 0.296188341088565 0.318098525064732 0.295507947744198 0.317907087677798
7 0.2 0.378965406774662 0.37111461992344 0.383011174607406 0.360528019526751
8 0.1 0.139103669172308 0.139961865992139 0.15768941044959 0.160270719622751
8 0.2 0.237896491305175 0.237333173230609 0.237719051370768 0.237101010377039
9 0.1 0.29835498933673 0.299985405992222 0.29903365528643 0.300888368284272
9 0.2 0.372027939340357 0.373869689058242 0.370220943272181 0.392167398057957
10 0.1 0.282425047425534 0.280757074608882 0.281764178679701 0.280124333364556
10 0.2 0.332153985463088 0.33211841721919 0.328003599393281 0.328123109741421
11 0.1 0.224567357295469 0.224561466574993 0.226712155401041 0.226507351627708
11 0.2 0.327620816475265 0.345908287332573 0.326155765366972 0.344926510090295
12 0.1 0.218015575815298 0.214828165660607 0.224958160819174 0.222016895081308
12 0.2 0.307480750719377 0.305526236023317 0.305956304146252 0.303830812767718
13 0.1 0.192288743685436 0.19229868866344 0.191557404379551 0.191547821135571
13 0.2 0.248937565801888 0.248199669049345 0.253177575697305 0.252522876863505
14 0.1 0.463269348523405 0.461206705371989 0.458968247266286 0.456788348011961
14 0.2 0.459816881877064 0.459287846999372 0.450237736791912 0.450027293983703
15 0.1 0.177669525301972 0.180393670357157 0.174112293817085 0.173518648879307
15 0.2 0.254216364731876 0.254675761834212 0.253568954339208 0.2540188435472
16 0.1 0.232617734192029 0.232489931091454 0.224829092612925 0.224656065328854
16 0.2 0.2853751035478 0.284940604369306 0.297804353513349 0.297357829452173
17 0.1 0.266834296864858 0.26419332411085 0.272472746639968 0.266928739018317
17 0.2 0.314379208620579 0.313764869909195 0.31931019004424 0.318900575169783
18 0.1 0.222236245375188 0.217647031481834 0.222017310779897 0.217442549599316
18 0.2 0.321998723288785 0.325960826626887 0.319563323454621 0.323106305098807
19 0.1 0.201351985551907 0.200711054977796 0.198540353493762 0.197931648913585
19 0.2 0.334123310513282 0.336899087875338 0.352461998830339 0.353791939449141
20 0.1 0.287221314945698 0.28765829409354 0.286836446747772 0.285810819586146
20 0.2 0.411244245026745 0.413878992174141 0.428925854608036 0.430198839512824
21 0.1 0.217827443098254 0.217771762758465 0.222233196980459 0.222245351974429
21 0.2 0.266380223203067 0.266785915035489 0.270756708599252 0.271138917911014
22 0.1 0.199495293958497 0.20140045450699 0.198124976067022 0.200022665794599
22 0.2 0.249974356243725 0.251890968536885 0.242479969548464 0.243877506230607
23 0.1 0.231515131603793 0.230060112413943 0.231971983333454 0.230552592812919
23 0.2 0.276809842691025 0.287842115464259 0.276365421380897 0.290758347793577
24 0.1 0.207165581158325 0.210664134574588 0.209326880032293 0.21309068435324
24 0.2 0.291494763893308 0.291888720712074 0.293287648206835 0.293666132057163
25 0.1 0.152909241162511 0.159274675574449 0.153468933499313 0.160772200339705
25 0.2 0.283253728912329 0.291031812942901 0.28450401156155 0.293178305806122
26 0.1 0.285732293631835 0.312833226190127 0.285309555326191 0.311029163021245
26 0.2 0.325559935172568 0.334147607435571 0.325087296910474 0.335069904542707
27 0.1 0.210664205746664 0.211619122681634 0.22842238908976 0.228172773617414
27 0.2 0.28927998837054 0.289312312052294 0.292278502026049 0.292404375323656
28 0.1 0.17852769474328 0.193710885167181 0.179621129382881 0.195104236654078
28 0.2 0.253745675730084 0.252670850293802 0.253285202173641 0.252168375359772
29 0.1 0.208050291881336 0.223072893397258 0.208797046381058 0.224324477748213
29 0.2 0.23856121560523 0.234326227344599 0.239233383698831 0.236857184384537
30 0.1 0.147124992079036 0.146809354707638 0.146716473748252 0.146349994398552
30 0.2 0.225192621520313 0.233555833659487 0.224506439157985 0.232537417762367
31 0.1 0.210895029093978 0.211433642595006 0.203238458062794 0.203383056351199
31 0.2 0.362704333575513 0.366094031934333 0.357121853131927 0.359578422358239
32 0.1 0.170137899558204 0.170378777097833 0.173838893550014 0.174395658072155
32 0.2 0.27021928818275 0.273851224922146 0.272924582337885 0.276599642568915
33 0.1 0.18135826996718 0.181939607073336 0.179579662847999 0.180038692048718
33 0.2 0.337228575329584 0.336354407276233 0.337935647408771 0.337068761952047
34 0.1 0.260556691200953 0.260396843807204 0.257748559037986 0.257329167349748
34 0.2 0.277957941850061 0.278055866421974 0.275275694876369 0.275238229423417
35 0.1 0.236804824007371 0.23965824733715 0.238806642890381 0.24134424947646
35 0.2 0.289701921677491 0.299987547879714 0.290543073707329 0.300950213531907
36 0.1 0.242062263826485 0.248230217011754 0.24042295317897 0.244880917901628
36 0.2 0.314093129139225 0.313429190235994 0.310014299913597 0.309217273664183
37 0.1 0.189723034368781 0.192140139362794 0.198855228069249 0.203640469756353
37 0.2 0.265357141620366 0.259380282829753 0.27333459935431 0.26666824568322
38 0.1 0.232268701675693 0.229569498818756 0.251290122872053 0.250863403852627
38 0.2 0.314277198638717 0.311110812286467 0.321038742571997 0.319641063238438
39 0.1 0.278910143761705 0.269648501675103 0.278870360864038 0.268949199541271
39 0.2 0.334373522731953 0.333040626850622 0.334268465458245 0.332478957085335
40 0.1 0.0884625110713007 0.129246151937004 0.086673733788507 0.138743005161844
40 0.2 0.212958427327794 0.213880519162391 0.217699638873884 0.219812552484308
41 0.1 0.314835818912972 0.3109628177364 0.325284750219277 0.321632865005437
41 0.2 0.287388110563504 0.285968264279487 0.2988381414621 0.297442808268278
42 0.1 0.182632151045365 0.183102489118513 0.187002231853434 0.187756872250053
42 0.2 0.235861935169885 0.240848698357621 0.237772153377818 0.240959648634224
43 0.1 0.260955140640039 0.260808418393118 0.260921367302886 0.260777889232125
43 0.2 0.279432874433827 0.27955074693845 0.277985784635301 0.27805327375588
44 0.1 0.148617081980381 0.148330670181876 0.149109249329184 0.148950246930653
44 0.2 0.353729003610862 0.351870227697752 0.355978065484331 0.353944064962712
45 0.1 0.213104971702939 0.212676607959911 0.203675739069226 0.203798422290981
45 0.2 0.288213873708488 0.291620349178576 0.287086580467049 0.289762961444749
46 0.1 0.170688453245435 0.195449579070603 0.170380806055163 0.194595727262631
46 0.2 0.275319345511197 0.272975474335175 0.268124280118563 0.265463741366463
47 0.1 0.17090329854971 0.174077340725372 0.174050250414583 0.17760180175253
47 0.2 0.266756062966525 0.26745888355867 0.272898082632504 0.274350526026335
48 0.1 0.488216991346832 0.486209847849138 0.489725036603452 0.490221952122041
48 0.2 0.459530455287212 0.46038146593761 0.472224353731009 0.475332741986862
49 0.1 0.186653760116178 0.189779410558947 0.185252196030422 0.181889697911414
49 0.2 0.302547677871551 0.302557018014175 0.303240931134553 0.30318799930732
50 0.1 0.205685712026668 0.206672607713387 0.204218084652459 0.205405462312536
50 0.2 0.323848927125774 0.320972249969472 0.328261660329823 0.327181426562978
51 0.1 0.319975389444852 0.319526602857082 0.331750383271612 0.335226453098192
51 0.2 0.385386490983465 0.385713402705465 0.400950483075353 0.401506063426407
52 0.1 0.159223159233524 0.164715757855182 0.164005504728632 0.169801947915656
52 0.2 0.208323680050909 0.208008431447206 0.213818078571776 0.213671057005886
53 0.1 0.183696655581238 0.178093771473083 0.185221078098637 0.179634976761585
53 0.2 0.249896535282659 0.245228469289 0.250985893215007 0.246647017952559
54 0.1 0.258957274723095 0.274086882591157 0.262760736891954 0.279813607370218
54 0.2 0.284916528491518 0.285980077429405 0.285212131242232 0.28596864387643
55 0.1 0.21145976438752 0.21342082105273 0.213221159061216 0.214172039716006
55 0.2 0.237163064396793 0.249030301664216 0.233073440399193 0.259281989604396
56 0.1 0.162244533934237 0.162363603643772 0.162577395171281 0.162712256364295
56 0.2 0.228474413326106 0.228617007680931 0.230784710145333 0.230933763652811
57 0.1 0.213691184976418 0.21508380811694 0.213537332314215 0.215023434535769
57 0.2 0.303726726321862 0.323137424084756 0.300382082769803 0.323685917895856
58 0.1 0.183547603697131 0.183715118839873 0.191648701396012 0.192349968075549
58 0.2 0.382398009846233 0.381259767057705 0.386963231437366 0.385901549593577
59 0.1 0.256161178074377 0.254983489687406 0.257190666794866 0.255941035010103
59 0.2 0.290558835376149 0.298113457712494 0.292243744427257 0.299942585322294
60 0.1 0.194296269568101 0.193631699455235 0.19056064860814 0.190326113582833
60 0.2 0.302189678520142 0.298553817230244 0.304233116233019 0.300563181685633
61 0.1 0.219035740388093 0.21903496476148 0.223247590191441 0.223103994325216
61 0.2 0.319928292878473 0.327986707528557 0.330433551457536 0.337750356454382
62 0.1 0.136975119139058 0.139246639935534 0.134798097380421 0.135984278159956
62 0.2 0.331900798091035 0.332132047966852 0.332803097989711 0.332997607897479
63 0.1 0.328849178146036 0.32458800769562 0.32893584752173 0.324788199866843
63 0.2 0.436081389889679 0.433786803705696 0.436520606186748 0.434101075612834
64 0.1 0.130544222990242 0.145986960399219 0.132407413743777 0.146021078194138
64 0.2 0.240607938719795 0.239010615618787 0.240654120570139 0.235834022453287
65 0.1 0.21645117268584 0.217039222016573 0.217568217636241 0.21801000189671
65 0.2 0.333677976998077 0.334619263928434 0.339730500900466 0.335405222575658
66 0.1 0.108008113756774 0.108882273078153 0.107860236768938 0.108563251251455
66 0.2 0.213240326303602 0.217192803986984 0.213072714503686 0.216809741345305
67 0.1 0.183072618626725 0.188703172099818 0.17537997345821 0.180457131673028
67 0.2 0.245775252716071 0.245995681724059 0.254576845101298 0.25469230514304
68 0.1 0.155711692284565 0.155889758737676 0.159013324209053 0.159463663227736
68 0.2 0.211582460038338 0.213961498759003 0.219064978016678 0.222850152101151
69 0.1 0.178315064239728 0.178753960726456 0.178892951222222 0.179201073767009
69 0.2 0.206232921059531 0.217998124296444 0.202692499371429 0.214453768228331
70 0.1 0.190299532932342 0.190677062304209 0.190859249580576 0.191270264857976
70 0.2 0.32241518078515 0.326066604984093 0.323458581464651 0.327560474701172
71 0.1 0.198607149892552 0.202077102064731 0.198609269993157 0.202087965402326
71 0.2 0.340246533903125 0.368771524634824 0.343974646770113 0.372267543723021
72 0.1 0.195512146220099 0.213919682939334 0.197740620711831 0.215691574359172
72 0.2 0.252853382762618 0.25420757740436 0.252431720988677 0.253784285724618
73 0.1 0.263446485132263 0.262371886270341 0.252510325404964 0.25111860062285
73 0.2 0.394758087097219 0.394405756644854 0.415887194719795 0.414022022290629
74 0.1 0.204766885428414 0.205040816078915 0.206416689850424 0.206534030246378
74 0.2 0.290109582961727 0.294650118152367 0.297549187666122 0.301854240417671
75 0.1 0.256446555506858 0.257045240967455 0.255158835406601 0.255651547355579
75 0.2 0.255527298173423 0.256244659206109 0.255132830507414 0.255804759599199
76 0.1 0.283969432850505 0.28343899539172 0.29147605060159 0.290807293169944
76 0.2 0.366680982705064 0.366092481042234 0.377451518304572 0.377494597960584
77 0.1 0.215994532222044 0.214675675342825 0.216111550953437 0.216283703913774
77 0.2 0.295412871351735 0.292204828614234 0.299331240143114 0.296460263851322
78 0.1 0.300294453474547 0.297563974304084 0.298209479408206 0.296361537222958
78 0.2 0.344469354705361 0.339564472179736 0.341517161579002 0.336448433093822
79 0.1 0.192420093175325 0.192309773341368 0.201554844741712 0.201244998427941
79 0.2 0.265897374808689 0.266270654246413 0.284329651601355 0.283598882578564
80 0.1 0.209667122040565 0.24482103280165 0.209223567763052 0.239448666469918
80 0.2 0.242116120667745 0.252121690443041 0.242874089322407 0.251843502918325
81 0.1 0.260182565840702 0.258548392297672 0.259162641480238 0.25552853332675
81 0.2 0.329929903471371 0.327764312666835 0.32817512037245 0.32552205938909
82 0.1 0.191722045557013 0.209404635526696 0.192464769437104 0.210637595208141
82 0.2 0.24641499602701 0.2443032763013 0.247342931870463 0.245277414584293
83 0.1 0.192525008134848 0.200979797995001 0.19503046022344 0.201791158657988
83 0.2 0.463486447466183 0.452197161489604 0.458955484804261 0.447068347328347
84 0.1 0.148241659952936 0.146884871948552 0.14725064503923 0.145730589436143
84 0.2 0.211777503255709 0.211590169585887 0.221926764936634 0.221856783590238
85 0.1 0.391792173171341 0.391996526586989 0.39423880042047 0.394967277852368
85 0.2 0.35718997669071 0.356992893056325 0.359840006686634 0.359645062086238
86 0.1 0.237281906370659 0.23908447607171 0.240829431418 0.243546498198979
86 0.2 0.306705003482644 0.30776874660438 0.306360538233221 0.307806134507758
87 0.1 0.21518986885526 0.204464901302279 0.225446868884448 0.21376780789118
87 0.2 0.352471914644017 0.350554164915237 0.357282437121147 0.358019346168759
88 0.1 0.17799517187482 0.205640905474047 0.171578762959193 0.196091008564559
88 0.2 0.347661370054042 0.353971335467574 0.338801031965562 0.344850502032404
89 0.1 0.231816232758544 0.236582168777162 0.233719187057643 0.238550569262862
89 0.2 0.300271724922544 0.300686357891484 0.309199007993722 0.310362533634953
90 0.1 0.237198728354437 0.234957515745704 0.239852657045383 0.237350255721143
90 0.2 0.29444841476939 0.317781874668749 0.291221411780586 0.318542222877724
91 0.1 0.320479059418918 0.324301819921774 0.319053400452711 0.322514955990771
91 0.2 0.357867353968741 0.36161863066266 0.353639130884462 0.358978902521484
92 0.1 0.210695374591997 0.209073045503939 0.210799446427717 0.208364302370039
92 0.2 0.301729919935686 0.301361899677718 0.302296800357472 0.301951826387922
93 0.1 0.188990092171902 0.197678468770688 0.190223181719904 0.198635276269045
93 0.2 0.221862614654949 0.221325330003917 0.222988424844342 0.222657662753357
94 0.1 0.248882689042157 0.258530166883337 0.264614723992715 0.274983881425985
94 0.2 0.328566737375924 0.328089209436882 0.341441765175371 0.340959304772936
95 0.1 0.229368077753163 0.229468830651367 0.230008584357037 0.230042781877234
95 0.2 0.283550662931841 0.283660298590159 0.281565321647366 0.281564463880903
96 0.1 0.164412357536256 0.177211985995395 0.160262214417492 0.167779262825664
96 0.2 0.253516307761544 0.264014239413897 0.252789814842374 0.262868065917622
97 0.1 0.20229042128608 0.202577219308398 0.202868699059924 0.203080053467059
97 0.2 0.297346109058035 0.304578697222272 0.296065878285417 0.298212615773794
98 0.1 0.165992951874875 0.165820983119258 0.167737063161124 0.167533824773355
98 0.2 0.293600195924571 0.294101077898618 0.300440981476293 0.300991222776736
99 0.1 0.154340180228316 0.154300145388242 0.160620653938474 0.160356797591823
99 0.2 0.223439145439766 0.223546963061757 0.222315375342761 0.222083755961513
100 0.1 0.174610897630852 0.180046927936803 0.173714813422166 0.17896783280782
100 0.2 0.270566987247041 0.276789106639136 0.269833830450282 0.278292565559712
